shares
1733.5
273.3
994.3
780.6
4898.0
16426.7
62.7
1015.8
2138.1
13195.7
5212.6
963.4
1523.0
1850.9
14906.0
12919.0
47913.0
6488.6
7507.2
13224.9
6192.3
3864.2
12958.6
4658.0
14.6
121416.7
1642.1
6055.2
6589.7
2260.3
3462.6
4442.8
1421.2
2056.3
2521.7
1292.3
1397.4
821.3
6657.6
4606.1
2343.0
29980.1
8507.6
3613.2
874.1
4034.1
34188.7
1020.9
77291.5
3052.1
885.2
10023.6
1807.4
1594.6
3919.1
406.8
487.5
1321.4
77.9
7184.5
6008.0
2298.9
2051.5
1484.0
2803.3
1633.1
1974.0
14162.0
30784.2
4162.4
1292.1
911.8
9411.2
1001.4
5142.4
4067.0
24362.3
12261.0
5960.0
567.2
772.0
2462.4
2352.2
7844.4
155.6
2737.4
1483.5
730.4
3162.5
10342.4
6394.6
2586.0
188.7
20319.3
1851.0
16832.0
20687.7
8602.6
5474.1
9401.8
6654.4
5492.3
2660.5
9496.2
214.0
603.4
819.9
5476.4
355.3
926.4
106.0
61010.1
528.9
1469.8
9137.5
3089.7
11592.8
345.1
342.4
2802.7
2210.1
1964.5
1194.1
3772.4
1110.8
9323.7
5154.3
6801.0
216.5
7276.8
364.5
3273.8
34112.8
51530.1
1420.6
1819.2
2982.3
12633.7
1895.8
365.2
8717.9
3513.2
86.9
16879.6
20967.0
831.9
4501.4
959.8
1554.1
15227.6
277.0
3672.1
4913.6
35241.8
33583.2
1176.8
6904.8
57482.3
717.0
5326.4
18018.4
1856.9
1675.4
4500.2
1067.7
154.8
1188.0
352.0
5217.0
664.0
7597.9
1549.6
7806.0
6943.4
416.1
1155.9
1753.9
753.0
1972.0
884.1
2568.5
876.7
1563.4
50344.0
30872.5
4173.7
3961.7
943.6
1863.2
2143.4
4572.6
13187.2
791.5
943.4
2124.4
5494.4
6015.6
12253.1
10394.1
202653.5
4367.0
14048.5
1553.8
170002.6
11012.9
2411.9
3543.3
42050.2
12683.6
3135.2
407.7
7602.6
2.4
1044.7
3291.1
4991.4
908.1
1079.1
1125.5
5784.0
1497.9
175.9
3206.8
35950.8
123.2
2107.2
1583.8
528.5
2075.8
8419.5
1077.1
2602.4
4231.7
2653.3
3443.2
5922.7
30503.0
19926.3
5199.5
4970.0
1159.8
2206.8
28789.5
911.5
3207.7
2329.3
2846.5
2236.8
4842.0
346.2
1816.0
26215.0
2562.7
5428.4
4190.1
4613.8
83835.6
50498.9
8403.0
1193.0
4615.8
2738.4
294.9
10933.4
24824.6
200.2
4603.7
11191.2
6196.8
2769.6
270.0
5960.2
435.0
2044.7
3154.4
6414.6
1585.2
4716.7
13509.0
1993.6
108445.0
4866.8
1408.0
1249.5
1409.0
931.1
2727.1
934.2
74723.8
3748.2
8597.0
2222.9
12121.9
1507.5
2210.8
105.7
13073.5
14974.6
102.3
18636.0
108258.0
3540.2
408.6
5466.4
3716.3
2966.5
10198.8
7105.0
6754.3
3345.0
5349.7
2445.7
163.2
35741.3
1138.5
3226.6
2657.2
3470.2
4185.6
181.8
5543.2
882.8
124.3
12363.2
3661.1
5198.7
2905.3
6446.1
16869.4
23509.0
14933.0
2917.4
21199.4
1810.5
8529.5
4592.4
108.7
5816.5
163.6
3871.9
5680.2
1173.7
1524.2
1750.0
96789.0
1541.8
1807.4
8301.5
10363.4
17599.1
1213.2
42573.6
3613.6
2366.1
12812.6
1799.0
4563.0
8914.3
1709.8
1716.0
974.1
3106.3
1308.6
3708.1
5784.0
4386.3
52.0
758.6
5149.0
3210.3
122299.3
522.1
1295.1
2745.9
2345.4
686.0
561.3
6988.1
23182.9
5858.1
10547.6
911.9
37944.6
57132.7
1941.6
3577.8
5286.5
6325.9
3742.0
1718.2
1674.9
3154.1
661.5
709.9
99559.8
7174.7
14.0
1301.0
1321.8
4757.7
393.7
2085.3
3163.1
163.0
1393.9
8957.1
53517.9
8966.3
1331.0
32449.3
316.5
8957.4
179.8
1697.2
13026.4
668.7
259.2
5903.8
1691.1
4654.5
1868.5
1807.8
4867.4
663.9
11666.8
7674.4
552.2
4647.8
1755.0
5153.6
2365.6
17592.8
2236.4
930.9
96.5
864.9
1768.7
4991.4
664.8
1121.9
2720.6
1780.2
6637.4
4003.0
109.7
669.2
29533.2
1365.6
2500.5
6656.2
12478.3
2565.6
1546.4
4089.1
1924.5
18627.9
213.8
42643.4
2342.6
27172.4
19663.3
2806.0
2467.6
2084.4
2918.4
6636.3
3435.3
22998.7
2243.5
361.7
1807.6
420.9
13523.2
2760.0
884.7
3542.4
3512.6
1513.1
3113.0
83377.6
264.3
3959.2
12371.0
198.1
6733.0
7612.2
2054.0
5096.8
4014.9
25434.1
3262.8
35950.8
4412.0
9658.2
5005.2
5677.9
4099.7
2382.2
1787.6
19930.0
1807.8
9003.9
365.6
2501.5
5759.1
14382.5
1245.2
199.3
18952.0
7755.0
4713.2
4121.0
4664.5
3369.8
1622.4
52.0
2077.2
5494.6
250.1
2127.2
8521.8
1899.9
1015.8
1058.4
2845.3
3539.3
19555.3
16841.2
2057.2
420.8
4898.0
2015.5
5802.4
306.9
3162.9
2569.6
11221.4
2236.3
3705.0
1915.1
1103.3
8693.9
894.9
13797.3
771.9
242.7
2298.2
6796.8
973.2
20938.9
8425.4
951.2
1057.2
3132.1
14536.9
1606.6
6447.5
1004.8
2110.6
726.0
12619.1
3131.8
6520.4
1015.5
1985.4
1494.0
294.2
2254.3
26252.6
6085.2
15188.2
17595.8
9652.7
4363.3
8662.4
362.3
1871.5
180.2
61414.5
4432.0
780.0
4149.5
12.6
8870.3
4796.7
47.4
1455.4
2143.4
9728.0
99057.3
2981.6
712.8
392.5
9656.7
1701.4
2573.4
3013.2
3211.2
13870.8
893.0
46826.8
1524.0
1493.1
641.9
917.2
932.6
180.8
4797.5
1219.5
1501.0
3265.7
4305.2
603.6
2365.6
197.0
450.5
1428.7
2879.8
26237.1
11585.5
3871.6
62.2
293.9
4470.0
7940.1
3720.4
2765.8
3603.9
11479.2
1528.0
8157.2
1184.8
1193.0
18363.1
3579.2
2633.7
2764.0
10444.9
5511.2
714.7
9572.3
5543.3
2134.4
1699.6
14031.5
1044.8
742.0
6897.3
1454.7
4518.8
243.6
10814.0
890.2
36714.0
2277.7
51520.4
86.2
931.3
1691.4
3016.0
1620.9
280.9
1299.2
693.1
17315.7
2519.4
48.1
1524.1
10955.1
18327.2
165.2
1982.1
559.0
3391.8
324.2
781.0
18007.2
3308.6
5493.1
154.7
2234.3
45873.6
408.4
7168.2
1489.2
4614.8
2351.1
5922.8
252.2
3934.3
405.7
3325.1
886.1
4605.4
549.0
26215.0
13382.8
949.0
8627.5
264.3
9112.7
179.6
749.1
1981.2
462.2
4783.5
3045.0
1348.1
2157.2
1652.6
5321.5
1013.4
1193.4
7179.5
1212.2
2351.2
825.8
1377.2
31974.7
2748.2
4963.5
97840.5
1546.6
13220.6
1278.7
1132.6
1059.0
10858.8
1410.5
3241.3
1548.4
1116.3
1675.2
2277.2
3163.4
745.6
1451.1
2551.5
3308.4
3713.8
4537.0
3469.1
6159.5
1321.7
20455.6
2217.0
3547.4
11219.1
752.9
780.4
1770.9
1071.2
3661.1
64734.1
5154.1
742.7
4751.6
1856.9
108.5
1551.4
1002.2
884.0
509.0
35798.1
26.7
38675.2
1070.9
11491.9
694.2
663.1
15888.7
53516.4
101504.2
426.3
18948.8
15797.5
6710.9
13380.1
14.5
362.2
2152.0
2363.8
3489.5
2292.6
1421.0
521.5
4519.0
3392.6
2782.6
4050.2
302046.0
936.1
238.4
936.7
34342.8
5198.8
3552.8
3031.9
906.9
3306.2
14046.0
988.3
1575.9
276.6
4614.6
4305.0
4560.7
1539.4
1093.5
2858.2
7677.8
452.9
5796.4
3808.1
3330.8
3207.2
7151.2
5681.8
6027.2
1889.9
894.4
6282.1
2363.0
948.7
2075.8
4140.9
539.4
3436.1
7105.0
2068.7
11810.1
3207.8
906.9
1996.0
9519.0
481.7
4447.8
9988.9
216.8
315.9
1211.6
4964.6
1545.8
6855.5
8974.9
1942.7
1527.9
10200.6
3611.5
692.1
1932.1
1576.7
6018.1
723.9
798.9
12091.7
1387.8
3520.1
5241.6
5804.4
4861.8
3605.0
1909.7
3517.3
12988.6
3045.6
4648.2
30676.4
2351.0
4963.2
4240.7
96.9
29279.2
2018.5
906.9
2146.5
13384.0
3298.1
2152.2
7578.7
926.1
1980.5
1101.6
1358.1
5677.9
369.2
3749.5
1456.7
3314.1
757.5
983.6
5414.6
1697.9
806.7
2364.7
1466.6
5542.2
2311.6
1635.1
4963.3
405.4
548.9
74727.9
4664.6
11348.5
1685.1
1742.0
9413.9
1539.1
574.1
160192.0
13223.4
787.7
717.2
698.2
163.2
342.5
7598.7
74208.3
6801.0
3275.9
324.6
6796.0
15452.3
13506.1
5389.2
14660.0
8668.6
1198.0
1200.0
13414.1
2660.8
24199.7
920.3
14041.5
4839.8
256.0
780.0
298.8
20735.8
295.7
368.9
99696.6
6520.5
388.7
78.4
2023.2
3512.7
944.9
364.6
7679.6
1864.6
21690.5
49474.8
17308.7
907.1
451.0
298.8
1172.5
1507.2
8295.4
1863.4
8821.4
1865.3
1932.4
242.8
119556.2
4469.1
163.0
11861.1
4407.3
4478.2
8997.4
4963.2
358.0
50990.4
280.0
10806.6
342.2
12952.0
1754.1
2739.5
6321.5
4817.1
1790.2
3945.6
6657.2
279.9
4728.7
5233.6
1501.2
3162.8
1228.5
1130.8
2808.3
11490.2
3295.5
90.5
1102.5
3923.6
2967.9
2554.0
2077.2
36565.1
4518.8
1585.1
387.6
1490.0
991.3
10138.2
2445.9
6517.1
1194.0
3088.0
688.5
1690.8
951.4
7232.0
6831.7
825.2
3674.4
51520.0
10333.0
5407.4
187.8
19576.2
3352.8
6401.2
2858.5
2108.2
2483.4
6946.0
4674.0
6598.4
1145.4
19601.3
4079.7
8970.6
1322.1
29245.3
3753.1
2600.3
5768.0
2971.0
3134.4
14087.9
7801.9
464.7
3539.6
3308.8
2430.0
11583.1
2319.0
4377.2
355.2
469.8
9008.5
8359.3
1243.6
2735.5
280.7
12618.1
1882.7
9148.1
1175.6
5819.6
3524.2
2075.9
538.8
772.4
1450.2
23423.4
1455.0
936.6
502.6
12931.2
832.8
2145.9
721.9
3342.0
8.2
1211.7
1750.0
7495.0
2484.6
1441.5
9017.3
1456.8
16874.4
6897.9
1289.3
4320.5
1194.0
3524.4
3154.5
9349.0
8419.5
2342.6
8420.2
5541.7
5886.9
11165.4
3604.1
27212.9
4828.7
2477.7
3031.9
192.3
27904.8
8868.4
1721.0
1043.9
995.7
32.4
5211.3
1856.0
7920.8
74532.4
1931.8
182.8
1032.2
933.7
12326.0
5784.0
6846.3
1171.7
12317.6
14404.2
12252.0
14656.4
600657.8
384.3
664.9
944.0
44632.2
2666.5
853.4
8593.0
2935.2
3456.9
1545.8
6344.8
6248.1
57058.2
15267.4
5326.6
9800.1
4489.1
982.0
4572.8
8959.9
873.7
4020.6
1766.0
1843.3
2102.1
22961.0
7.6
4089.2
6233.0
2169.3
1822.4
4085.1
1737.6
52786.6
228.6
4991.3
2439.6
1633.3
1389.4
1909.0
1863.8
163.3
365.2
3544.8
4034.1
18288.5
12680.6
905.9
108.3
17885.8
2584.0
1172.4
22011.8
2594.2
5470.1
1057.6
11351.6
722.0
29616.0
692.4
1387.5
122.5
4519.0
523.2
4540.5
4304.1
728.9
4519.0
95.3
372.1
1352.5
133.6
324.5
35631.8
3814.6
55.3
3231.3
2125.1
1827.3
4259.9
406.1
14375.6
2802.7
7617.6
5765.2
394.0
1061.1
855.0
2056.3
16881.3
22358.1
2458.0
2724.0
1659.0
4412.4
7598.2
7579.2
6274.8
580.6
1749.8
1583.3
30701.0
6592.2
1768.8
3636.5
2167.1
2330.0
2218.1
10330.8
10353.4
2056.1
7246.9
256.0
1637.0
1578.5
522.5
5938.1
10859.0
6893.9
996.9
9401.5
3475.1
14750.2
3908.0
2028.6
2721.1
5916.1
1036.8
28098.8
5050.7
22921.1
30826.8
3355.3
5213.9
1800.5
307.6
5526.1
2440.0
2454.5
4536.1
729.8
3713.8
911.5
7017.4
7749.0
2585.5
1176.2
3154.4
882.1
2151.9
124.9
707.5
2802.5
232.1
79.0
5166.4
25527.8
12500.4
19606.6
9310.4
3671.8
1377.6
9291.6
7287.6
2001.6
6025.3
270.7
968.8
4388.2
49707.2
478.4
96.1
97011.4
2029.2
4625.5
632.6
988.5
3162.8
1109.8
1974.0
1455.2
62927.2
1468.0
4929.6
15267.4
2414.3
1077.7
9654.1
608.3
1146.4
3433.4
107909.0
304.8
1807.0
1309.8
1786.9
336.4
972.8
1537.1
1674.9
5323.2
3374.3
1183.1
158.5
3234.2
18096.2
1057.9
6637.4
17032.7
1942.3
931.9
3959.0
2816.5
409.0
2351.9
60.3
8506.7
893.5
15541.4
1776.5
2868.2
1292.4
5074.3
14933.7
123381.0
4041.3
3476.8
2612.4
6051.8
20560.3
4672.8
559.0
780.8
3148.4
14747.6
78.2
10759.0
10981.5
1585.2
5564.7
1550.7
13493.8
3671.5
3861.7
5212.5
161.2
2848.0
4871.2
4325.0
11020.7
6276.0
9019.0
1528.0
11122.0
1216.0
4265.6
2657.4
3750.7
4305.7
3616.5
3813.9
3200.0
34276.2
4626.1
6849.1
5046.9
61168.3
1982.1
1787.8
1528.0
2188.4
1636.9
3208.0
4239.5
254890.7
2027.3
4899.2
13815.4
18646.2
1676.4
392.5
539.6
1268.6
2312.0
7177.9
1900.4
2607.5
149376.2
1835.2
324.8
5384.1
2518.6
1132.0
2765.8
3552.2
78.0
3307.8
16754.1
3890.4
5477.4
540.3
5239.2
943.9
6077.2
4355.8
614.1
6947.2
3391.2
3464.4
4265.2
4518.2
12460.3
2727.2
436.3
11213.5
3969.4
356.5
2104.4
2871.6
294.5
3613.3
3944.5
2211.6
2389.8
2654.0
6716.2
2391.4
5493.6
4614.6
3263.0
481.0
2282.4
5912.3
9408.9
13232.9
3473.1
949.0
3321.7
662.5
2134.5
1619.2
1432.6
1524.0
2751.7
17580.4
6595.1
167.7
1924.9
1563.0
279.9
3525.2
1892.7
2152.1
1015.2
1523.2
9553.4
2032.6
7576.5
346.6
1938.2
19570.1
2037.0
1697.0
126.7
3335.1
3491.6
226.1
5173.1
6637.6
3036.3
2584.5
3658.9
16869.4
4003.0
3810.5
8941.9
1032.0
534.9
5594.6
9394.8
4658.3
388.3
1899.8
5114.6
4904.0
2161.0
2206.0
1224.2
3675.5
297.8
12628.9
756.7
409.9
4406.2
3613.1
4240.5
1171.6
2914.9
277.0
11214.0
3093.2
3108.7
3466.4
2127.7
2310.4
731.3
3404.5
3469.0
3707.9
6636.2
272.2
1776.9
7527.4
19916.7
9728.8
3428.2
2342.8
3990.8
108.3
2553.2
12962.8
577.1
6793.4
2965.4
18926.7
6281.9
2749.3
1650.8
928.3
1171.2
2304.1
16862.9
723.8
3031.3
2076.0
5594.5
4674.7
4868.3
6273.0
648.6
16837.9
2660.7
4034.5
2267.6
7105.0
25442.8
2237.9
3011.6
2351.0
1909.1
6451.6
17.3
4664.7
562.4
370.4
20318.6
11591.5
2053.4
1250.1
822.3
8211.8
4865.1
2146.1
2656.7
3179.4
2319.7
275.1
6274.4
26217.3
2919.8
4259.9
1134.0
963.3
2280.0
9409.0
9238.2
4424.0
728.7
23712.4
907.9
5233.7
7109.2
2691.4
51163.2
1575.6
906.2
1886.8
25247.5
883.7
1675.5
10609.8
452.6
1638.0
5004.6
3390.8
3551.8
3130.3
2934.6
2871.2
4778.3
13826.6
14664.1
539.3
181.1
12330.2
85007.4
1146.1
2968.2
1489.2
23506.0
3414.1
2068.5
20454.6
1079.4
608.6
13503.6
1241.6
1641.4
452.7
6654.8
174914.9
11.9
1927.0
5450.6
2653.2
622.4
2472.9
7678.8
283.0
6370.1
3516.7
3240.1
33.8
2350.9
26.7
1698.4
716.4
2456.9
14272.2
2444.0
2552.5
14752.9
6868.6
849.0
1441.1
2266.9
4970.0
3856.5
15809.1
5592.0
2330.2
12.6
971.8
442.2
7136.5
2102.8
124.4
623.8
6801.7
5926.6
2696.6
32521.5
4263.9
167.4
1489.3
167800.5
973.8
3057.4
483.8
1456.7
68.5
4305.0
2342.4
2766.0
1.9
9657.7
4944.3
9813.5
826.1
2859.5
10.2
5348.5
987.5
7938.2
779.8
12688.7
337.1
5353.3
6993.3
1989.9
1409.2
4041.3
204.3
1144.1
4673.6
2870.4
4800.0
1499.6
1260.4
501.3
7237.4
453.9
1451.1
2551.6
485.5
25062.0
1223.5
2519.1
46.7
1901.5
1943.6
454.7
1328.7
2449.4
4886.6
13509.0
2744.8
1851.1
426.7
959.4
3721.6
5395.7
2425.6
394.3
10547.0
1105.9
3988.1
791.4
4818.4
2905.0
237.6
266.6
416.1
4476.6
1980.8
10135.7
9664.8
2496.1
1441.9
11592.2
721.4
2806.6
105.7
51533.9
9405.1
1421.5
5444.9
1594.3
1606.0
4232.1
567.6
2134.9
662.9
3088.2
122.9
2612.7
10974.1
9657.3
282.4
15554.0
8344.9
183018.0
759.9
3517.5
8622.9
1524.2
4700.8
2254.2
15832.9
4050.0
728.8
13991.1
5828.9
2013.6
7421.4
1321.7
3225.4
13985.9
2113.8
17593.6
831.7
3341.8
7248.6
2880.6
1080.1
116.6
952.2
7588.4
804.3
944.7
1799.6
5323.3
8504.2
74403.8
1219.7
3788.9
2484.4
62.9
18301.8
9520.6
180.5
4695.5
1643.1
1513.6
1082.2
1955.3
936.5
14500.4
280.3
2329.3
3725.8
11038.5
1146.5
20813.0
4965.8
10330.2
29162.1
2935.8
479.9
1816.5
2737.5
1388.2
7448.4
934.0
1351.7
61100.4
5198.1
1412.5
35923.3
10848.1
3355.5
12919.8
5146.1
26151.9
4889.8
19315.2
9323.0
1985.8
1212.3
1089.0
4798.8
3536.7
2267.3
4211.1
7562.2
8961.0
1377.1
20268.4
46303.9
3747.5
29626.2
4023.0
10396.2
11362.5
8481.7
6903.9
1202.6
23114.9
2690.8
1500.8
8214.1
2815.8
2797.8
277.5
641.6
358.9
8095.5
2485.2
2464.2
3637.0
364.5
1900.2
6433.1
4725.0
18105.0
101.9
7447.9
13357.4
943.8
2561.9
99505.8
674.1
1578.2
7135.3
2727.9
42629.2
12.6
3045.0
5157.3
396.9
2106.6
1800.6
2736.5
25735.0
4043.6
3048.7
26504.4
2346.7
4086.1
5047.9
4961.7
3944.7
3453.7
1737.6
2996.3
1810.9
3606.1
16883.6
6738.3
24201.9
5189.4
4626.7
8393.6
3210.9
5261.0
1079.5
5815.0
1350.5
1294.6
1606.6
1202.9
3163.3
19546.5
6016.7
5211.7
1090.3
2056.7
11368.2
2365.5
20464.1
8329.8
2027.2
1292.0
535.7
1155.8
263.6
3391.8
15216.8
6488.0
16.9
5259.2
4407.4
2606.4
3297.1
1720.4
12952.0
613.4
1201.1
24782.5
2746.7
5956.9
3703.5
251.6
5179.8
1579.5
1528.3
24257.7
3552.8
30437.5
1778.7
2934.9
4799.3
4992.8
1408.1
342.0
2537.5
2472.2
2343.0
717.5
1900.9
1234.3
1577.2
4771.7
10343.8
539.5
1776.6
15187.1
256.4
3436.8
1317.5
154.9
1421.0
1765.7
7912.8
108.8
2621.3
143.4
7049.8
1321.3
231.6
8658.7
1974.0
1431.6
1824.1
133.9
6276.0
6656.6
2260.4
46252.2
1605.0
108656.1
378.8
3427.3
865.6
2534.2
1807.4
218.9
11607.1
8082.9
1807.4
5829.7
10026.5
412.1
264.5
199.8
4673.6
1321.3
777.3
994.0
12153.4
1333.1
74381.5
316.4
1908.2
2550.8
5198.3
276.8
78060.2
4589.2
378.3
12814.7
749.4
256.4
4603.9
5198.9
3944.1
483.9
33770.6
3720.1
19540.6
1330.1
9819.2
6595.1
1031.7
3134.7
3492.4
134.2
3690.3
1974.2
1045.9
1510.3
9405.1
4149.0
12.9
2748.9
7286.5
3380.9
1765.0
227.0
1260.3
9796.5
4118.7
10186.9
8717.9
12332.4
2204.2
3345.0
5234.8
7930.1
713.9
1821.1
188.9
208.8
2519.0
574.7
780.0
15877.2
89.0
2876.4
1288.7
548.4
4479.1
4585.8
9871.1
1268.6
349.0
12.3
4366.6
4385.8
415.9
1364.2
123.3
1031.3
822.1
21395.5
3500.6
907.0
1015.6
13379.4
832.1
3543.0
3567.9
1322.0
2898.6
3598.0
2053.0
7295.0
393.8
5280.9
1291.7
822.6
4518.4
6709.6
297.2
1416.0
2192.4
280.8
4716.7
364.9
1138.7
9659.0
1937.2
1685.3
487.6
275.2
5280.8
5998.8
1456.1
1116.2
4171.9
5819.1
1603.2
2187.9
3329.5
26147.5
1241.4
6366.6
1037.8
2324.6
1032.1
8358.2
539.5
2799.6
14662.5
998.7
2380.9
4122.2
5673.3
326.4
3240.9
34092.8
2085.3
2748.6
1868.9
259.1
96646.6
780.8
35892.9
894.8
1634.7
155.0
4467.9
1476.4
3923.8
2536.3
1617.6
2159.0
553.5
5197.5
8559.0
897.5
163.6
2586.1
6710.6
108445.0
12471.0
1685.9
917.5
2763.9
95.7
959.8
1619.1
2477.6
149369.5
4650.5
1077.2
1916.9
523.5
1739.9
4802.2
603.5
19520.6
716.3
4481.4
99696.6
9304.1
238.2
712.8
10328.2
2745.9
9685.0
4883.4
90.3
665.2
208.1
780.0
1539.0
16809.8
1294.2
1868.5
3373.0
9574.6
5180.0
2233.8
566.8
771.3
316.4
3265.7
2779.9
3135.6
2806.0
73118.0
1470.6
1212.1
12154.3
315.8
2329.5
5765.2
1193.0
1206.6
60571.6
75755.8
11012.1
127344.6
46036.6
2450.5
13869.0
4772.6
2203.0
2144.2
2918.1
6905.5
932.1
930.9
2753.4
5257.7
19316.0
1358.0
16657.5
280.6
5653.8
32436.2
668.7
5110.0
180.9
9657.9
6318.3
2382.6
3431.1
5239.5
2763.1
6735.2
826.1
5925.0
4088.3
1585.7
4412.4
2764.2
1012.0
1483.3
10761.8
585.9
2146.2
1980.4
1728.3
27984.9
16151.2
4699.0
4586.8
714.3
1292.0
982.0
2002.6
503.4
1754.1
2621.3
2282.5
2807.9
2277.6
1291.3
2411.8
40134.3
13824.5
7589.0
4695.2
2068.4
18293.8
3226.8
27290.7
4453.7
7163.2
3212.4
4751.6
577.3
3673.9
540.4
1012.0
662.6
1031.5
12336.0
2600.7
7232.0
2283.0
3263.9
805.6
5542.6
2010.5
3519.4
710.0
2086.0
3372.0
1292.0
1321.3
336.7
1971.6
3923.5
9516.9
1675.0
1604.8
14768.6
2921.1
3231.2
1199.0
2236.4
4477.8
147.6
951.8
806.5
165.2
1810.8
2557.7
931.0
9647.8
3987.2
1691.4
4518.6
538.2
969.6
3121.9
7.8
3107.9
306.3
5954.8
10221.3
1291.5
11158.0
2053.4
8624.5
375.0
12355.6
108.9
260042.1
1513.0
2057.0
12066.2
509.0
80558.8
22908.0
6343.0
2002.7
4558.6
7584.3
154.9
19304.3
4565.0
14802.7
926.1
30681.0
7582.9
3663.1
2584.1
102.2
299.4
1096.6
19588.9
1857.0
1583.1
2607.9
101.9
781.0
4739.6
6077.7
2300.1
4538.9
1313.0
1871.2
1637.0
71.5
134.9
12946.2
208.7
11016.7
1279.0
5356.4
5640.5
781.0
709.9
990.9
3544.8
8000.5
1514.0
1836.0
19878.8
2476.5
1387.9
1441.5
3457.7
6158.2
1219.8
65475.6
1777.1
7100.4
12950.4
168677.0
2684.4
2568.2
2297.7
2770.3
2859.7
2499.2
5785.0
60104.4
7995.7
416.2
600.0
3010.9
167.1
1499.9
935.3
459.1
13975.5
3979.0
14.6
959.7
18338.3
2265.9
2051.5
3105.5
6558.5
1789.4
14708.6
1455.9
304.9
7231.4
165.4
561.0
865.3
2570.8
2277.6
2065.1
11155.6
60640.2
9577.6
943.8
415.8
7912.8
37831.1
2685.7
75725.1
16835.3
457.6
13852.7
1201.0
19809.6
451.7
5703.4
8306.9
9599.5
1697.4
1132.3
5394.0
6996.0
317.1
5969.5
934.1
9332.4
2390.2
6559.5
825.1
4152.2
5638.5
488.2
958.8
394.2
7161.9
2009.3
152.9
232.4
6051.8
15179.1
449.7
316.2
4476.0
1313.0
62.7
632.6
227.7
14560.5
7911.7
7134.0
3784.0
24510.6
52.2
2038.8
6985.8
17944.8
2629.0
45795.0
27194.9
4591.2
1733.9
2728.0
7584.7
18939.3
8595.6
2138.6
5331.0
3034.2
18947.6
2859.2
5211.4
725.6
7671.9
1841.1
226.2
4961.5
6990.6
4986.8
2189.1
7796.0
724.3
1343.5
5438.6
3035.0
1077.9
2343.0
208.0
1826.5
5233.0
12145.0
60.0
1291.8
2453.1
1883.3
1493.1
8816.2
616.2
1377.6
832.4
1637.0
3383.2
4915.9
2057.0
1754.6
189.3
4587.3
4363.0
2036.4
7583.6
18951.6
1073.2
10398.1
2103.1
9652.2
6001.1
3312.9
1864.2
209.3
2083.6
200.6
13825.8
105.4
306.7
1890.4
3357.8
1895.6
23096.5
2046.1
294.2
1605.7
11839.0
8599.2
14418.4
454.2
163.2
216.9
2274.6
27993.9
14848.5
1156.9
2572.8
4034.4
29621.4
65.9
3908.0
6026.8
1067.9
3635.7
3403.5
254.9
10193.0
4408.4
436.4
74398.3
608.3
2390.4
2382.4
134.6
3240.3
710.0
2499.6
2863.0
4226.6
13484.0
2118.5
2192.6
3154.7
3747.0
2160.2
4240.7
2516.4
2827.4
7136.3
4303.2
1807.2
6132.9
8735.7
12157.4
2476.8
1001.2
8403.9
4069.8
1954.8
2659.9
3616.6
4674.5
926.1
982.3
643.3
379.1
2519.3
697.6
2352.5
5793.5
991.9
30869.7
770067.3
1432.5
4412.2
8232.2
1182.6
2862.7
4539.7
549.2
1659.7
142.7
8963.1
501.5
2352.3
5768.4
27007.2
1789.7
1099.6
930.9
823.2
125.9
1212.0
5758.9
4841.3
4698.9
143.1
30220.0
4988.3
12471.0
1416.6
726.0
3474.0
469.4
3391.8
17325.3
10028.7
881.2
2159.4
2352.4
32460.8
57503.1
19304.6
3659.2
10434.0
9807.2
8210.9
5498.3
685.8
6479.0
6195.0
74524.0
1313.0
180.3
6602.8
729.4
2554.0
981.8
355.6
4034.7
4857.8
4585.8
1698.5
11583.1
13378.1
3925.3
4799.5
822.3
1583.0
1667.4
1494.0
11573.5
1868.7
7135.3
32713.4
342.6
2237.0
780.0
12693.4
979.6
2381.1
917.8
4911.6
1321.4
1484.9
4305.0
8427.8
1442.0
4536.6
326.5
884.8
847.4
1131.0
3231.2
5760.7
3010.6
3466.9
2202.8
256.0
187513.5
8602.6
1415.5
3693.2
202653.5
2462.7
10350.2
2086.2
1941.8
397.1
1136.3
275.3
198388.4
3714.1
3513.0
4589.2
1692.3
136.4
1527.7
2331.9
2143.3
17.4
3960.8
46884.1
2521.6
1331.9
3369.4
690.5
28740.4
1102.8
466.9
4734.9
5028.1
5216.1
152.7
26251.1
8296.2
6712.2
5448.6
77638.1
1583.6
12343.0
1229.4
1432.7
4148.4
8598.8
1156.4
1446.0
3635.2
2870.4
102.8
642.3
1484.6
108.4
4306.5
29287.0
1493.9
3750.6
2236.2
981.8
8210.7
1800.7
833.9
9522.3
626.7
362.0
17871.8
1697.8
9428.1
2994.8
2995.4
1124.2
38782.5
5818.5
133.9
2107.1
1489.2
935.9
2720.3
4859.1
540.1
16832.0
209.6
572.5
51366.9
3671.2
17904.4
226.6
642.3
3424.8
66.1
16869.6
1545.2
4672.8
738.8
11565.2
1012.5
1700.8
2103.7
3715.4
9518.6
7176.1
6342.3
4945.0
89.0
3225.7
3541.0
11019.1
55.4
917.8
3230.9
11373.6
3720.9
1269.0
4141.5
11366.7
78.0
1090.2
724.3
1811.1
5195.4
272.1
907.9
959.9
4867.5
926.4
855.8
4592.8
1541.0
28284.9
2551.5
2736.0
7138.2
2104.0
2896.5
6130.2
7302.0
2989.0
1227.9
7582.2
2061.9
488.3
2222.4
16877.6
2660.8
163602.2
3551.8
1468.0
1415.7
1416.1
2552.9
14670.1
4617.4
9407.5
3597.6
18758.3
3864.2
60212.8
14752.6
315.9
1618.1
640.5
3170.4
10909.5
1388.2
1430.6
991.3
14814.0
6708.8
7167.0
6546.5
2298.4
369.2
1221.0
9442.2
24122.8
397.0
12812.1
256.9
3135.1
4481.0
204.9
1531.6
1637.0
2820.7
2720.4
1484.4
14028.4
3007.1
1347.7
1523.2
1891.4
39.8
1219.2
7065.7
4857.8
279.9
2071.7
4131.3
2552.3
1606.2
5110.7
2603.8
345.7
4929.7
2.5
10985.0
1123.7
5801.2
752.9
1926.8
714.9
389.4
22506.8
868.4
8099.7
677.2
871713.0
119.8
6522.9
10402.9
20439.5
4151.7
3539.5
17085.8
7015.7
6791.6
18366.2
4990.8
3163.0
82.7
4322.4
1695.9
5214.1
6276.0
2462.3
4651.0
5199.7
1125.0
1236.3
6531.2
4034.3
30871.4
1695.6
3601.9
2816.2
738.7
101.8
3553.0
436.2
926.4
4586.8
5808.1
212.2
2587.3
2551.1
3227.2
483.8
523.1
15562.4
24459.9
83377.6
2621.3
4084.1
2261.7
14788.3
1709.4
1953.8
3990.0
3129.0
214.3
2444.0
4909.7
1216.3
563.0
478.1
6856.6
7987.9
2727.8
295.5
4734.2
4985.9
88.4
7221.7
2143.1
163.1
2781.2
2584.4
1698.0
581.2
11357.6
172950.9
1860.8
263.6
1927.2
78.0
3301.7
1685.0
4994.4
2203.6
883.6
1292.0
267.8
12680.8
671.8
5027.7
259.1
4449.8
1735.3
9684.0
1642.6
1528.3
1111.7
3475.4
2101.5
881.5
34206.9
7614.0
20293.7
5330.2
390.2
20434.4
4324.0
2391.0
2126.6
1638.6
3406.0
2424.6
3411.2
7183.3
1840.5
34378.7
3730.9
1291.9
328.5
32367.6
12.6
3516.4
4005.0
3961.2
21511.1
1498.1
12340.0
97103.2
34398.7
4963.8
174.9
37808.2
1695.3
437.9
83.4
4265.2
21389.8
6432.7
821.5
3298.5
4086.7
99261.0
969.5
714.7
97.6
717.5
952.0
19580.6
9818.6
2807.9
165.7
5785.6
3855.4
3519.5
1602.6
3477.7
26216.0
1483.4
1654.3
242.8
825.2
1605.2
1316.6
10545.4
1031.7
7841.8
24456.4
1698.0
3937.5
651.0
2203.8
560.8
13002.1
2237.9
3543.0
10965.8
13800.7
1110.8
5198.6
1039.6
12680.0
18362.8
379.4
20335.6
729.8
14727.4
180.3
2038.4
1194.0
75521.2
4066.5
17916.4
2663.1
3690.9
19314.3
3030.3
3614.6
573.6
6020.3
119616.8
279.8
3659.0
3391.9
737.3
1676.3
1102.8
482.8
5680.2
12924.8
35966.0
6992.4
1244.4
6345.2
7051.0
2283.4
1618.6
9657.8
13863.0
10339.2
9372.2
573.8
750.3
2818.8
6657.4
2806.3
20840.6
669.1
886.8
16832.0
5160.8
2392.7
13511.1
228.4
258.4
6020.2
2278.1
4266.9
13514.0
14.6
4305.0
1172.1
2971.2
1455.5
1799.0
5510.2
136.2
4232.9
671.4
2630.4
3744.2
4477.6
538.7
2412.0
963.2
5151.7
47.5
2846.1
831.9
42129.8
6449.6
742.5
18137.6
2463.8
1219.7
4912.7
3032.9
1881.7
362.3
473.5
19139.2
5571.0
315.7
4861.9
561.2
2045.6
28123.2
3154.2
502.7
860.0
6519.0
286.2
1133.6
7584.3
12347.4
30872.0
85634.1
12.6
6414.1
501.1
5464.3
2219.3
14534.6
6276.9
88.4
1220.9
831.3
204477.4
1489.7
1764.5
13797.8
2231.0
538.2
629.5
603.8
108.9
5908.4
2364.4
17.4
8666.5
1524.0
4413.5
3991.5
25403.3
25401.3
5430.0
3300.1
1400.1
3010.4
4535.9
1661.8
1515.0
1683.7
1637.1
167.2
1269.0
981.5
586.0
2388.6
1807.0
714.5
16876.5
1257.6
5938.4
1856.1
1621.0
6193.4
738.7
180.2
4324.6
4436.4
1077.5
786.5
3785.0
2111.0
5358.1
90.5
279.9
179.7
4970.0
1346.4
2009.2
3441.5
1220.7
3553.0
2980.6
8422.9
1900.2
2690.8
6735.6
2727.7
1172.4
4003.0
8698.0
1321.7
26839.1
251.8
2455.1
17307.2
512.5
51520.0
2993.7
1349.9
3113.2
3154.4
6196.9
30989.8
6181.2
1641.3
552.1
991.6
16387.3
1656.1
10.7
2382.2
3889.5
14367.8
20316.5
75560.3
10781.6
5680.6
1620.5
9651.4
1012.3
2103.4
3343.1
16205.0
19935.9
6451.3
4970.0
8304.1
2914.7
6636.3
5198.4
2551.9
12919.0
2621.7
3352.5
1156.0
3655.3
5801.5
3296.9
3427.9
10194.6
5785.9
4143.4
15451.0
1322.3
1455.2
41.2
3178.8
3032.3
1293.5
1492.5
729.5
57052.1
2380.8
586.5
1620.9
1583.4
2748.6
871.0
1202.7
8646.7
16865.3
2996.0
1685.1
2126.2
780.2
707.4
125.9
3977.3
509.0
5500.2
2821.0
981.3
641.1
36095.4
4379.4
2659.6
122334.0
1091.0
2759.5
3059.7
565.6
3519.6
1545.4
4988.0
12156.5
7268.8
4064.0
106.0
10845.0
1212.1
5200.1
3512.9
1094.6
14351.1
16837.1
1110.3
1981.9
2145.9
5445.9
6590.8
2580.8
4385.3
3656.4
5967.7
5473.0
3391.0
480.7
2482.6
951.0
3962.8
984.6
10787.1
13982.1
538.2
709.7
690.6
8219.2
1712.5
551.1
5712.8
3180.3
232.5
752.2
1015.5
2607.0
1780.5
52683.1
136.3
3935.5
2415.9
62.2
2272.4
613.2
4517.6
1427.7
1596.1
3543.3
1292.9
40.4
649.5
9813.8
9319.2
4517.6
406.0
99642.6
10851.2
7188.2
13386.9
4606.2
28144.2
19623.3
607.9
47679.9
1219.6
7188.6
3710.0
2053.4
8877.1
5166.2
729.8
5577.3
214.0
18646.2
7556.4
1016.1
1697.6
1079.8
3499.8
972.8
256.8
29980.1
1420.8
394.2
7834.3
394.4
1596.1
1783.0
726.0
5418.3
5479.9
2134.3
369.0
541.3
928.6
45635.8
14.2
18361.5
11997.5
729.5
7163.1
2415.9
559.2
1891.6
4213.3
8.2
4412.4
3525.1
6709.9
238.7
23059.4
416.8
1577.3
4024.7
1769.6
19.8
1241.7
3902.8
1292.2
5965.3
2298.0
12240.2
5464.6
51108.4
14792.1
18938.4
10847.9
4171.8
848.1
12.5
4456.8
7502.7
416.5
2045.8
936.6
2518.5
4322.8
805.2
18778.6
549.0
2616.6
974.0
4240.1
2584.4
5052.8
3171.1
6022.4
832.1
1312.4
1500.0
3961.7
37.1
45715.0
3880.7
425.8
771.3
126.4
15455.5
1216.2
19594.0
1129.9
2054.0
66.2
2744.0
2205.6
2187.9
349.0
2499.9
12343.4
1268.9
38824.3
1574.9
2452.0
45043.5
7913.5
4444.1
598.0
158.6
1891.6
2032.0
4672.0
783.2
632.3
1530.4
650.9
10646.2
1523.8
1477.6
3719.3
4231.5
1861.3
1483.4
5815.5
574.1
906.2
106.0
4456.7
250.2
1837.1
18765.7
4403.8
5470.7
5784.4
690.5
2719.6
2818.5
2260.2
216.3
3542.8
1622.7
1720.2
4231.3
39815.2
980.3
1168.4
12926.4
3976.4
715.4
999.2
1863.0
557.9
11154.0
13337.0
3795.3
11492.0
3872.3
218.5
10009.6
1485.3
5213.9
847.7
12303.6
2169.0
75.3
1754.6
1441.4
1900.4
2749.5
51455.4
5507.1
2381.2
209.6
11188.5
4444.8
503.6
1695.3
8646.0
89.2
2696.9
665.7
841.0
6515.7
2364.4
161.1
1654.5
2967.2
337.0
1835.2
294.8
3935.1
5408.9
3133.7
3431.7
101.8
3721.5
3240.0
558.0
2859.7
371.5
710.0
3112.7
6561.3
8393.2
293.6
4841.2
822.2
1408.7
2808.0
6074.9
9106.0
6192.4
22005.8
1409.9
153252.1
26.6
713.9
663.1
10.7
722.2
426.1
4987.3
616.4
2675.0
1279.8
4226.8
1259.6
1871.5
7830.8
3779.6
549.6
31883.2
1266.8
2863.8
12161.4
179.8
13489.0
35870.2
5262.1
6193.0
70.8
416.7
4446.0
5152.5
14355.8
27929.6
6486.0
488.8
2749.3
686.2
4896.8
574.1
14402.0
804.7
1130.5
2724.1
8625.9
1575.0
5622.7
4021.9
2103.7
929.5
3391.6
5329.8
3497.0
5635.8
6160.0
13396.6
4307.7
1900.6
4826.7
6902.5
238.6
1745.8
4862.7
4677.6
574.2
1837.7
1851.2
4780.7
1468.0
24759.1
416.3
3720.7
78.0
10401.7
1932.5
4802.1
14056.9
4965.0
4536.2
2923.8
2981.4
26273.7
2444.8
8287.3
12631.7
8556.0
1789.2
1670.8
10283.8
392.9
30766.4
122.6
4467.3
1807.2
4610.1
20768.3
1856.9
2905.2
22013.0
23160.8
1321.8
30240.2
3924.9
28044.0
17787.7
3810.8
32.7
2045.0
5922.7
6530.7
1711.1
7192.0
6123.0
286.2
15783.9
561.0
1868.8
22562.8
2143.6
608.6
1455.6
4624.3
1845.3
71.4
600657.8
179.9
1378.4
661.5
352.2
1.7
5324.7
3323.6
22359.2
5188.4
1864.2
673.5
6021.8
5045.4
2858.7
19293.1
6179.1
7513.2
2159.4
1908.4
9800.3
51258.5
2759.7
3146.8
2283.2
8416.4
12941.0
8551.4
42382.0
832.7
712.0
38637.3
1317.0
70.8
17.9
1079.8
898.6
32419.1
2273.4
30811.4
17305.3
1871.3
3210.4
3023.9
1788.4
1650.8
839.8
5499.8
2653.5
10401.3
7912.8
2748.9
19316.9
7684.0
2846.3
6635.6
8364.3
1932.7
2633.3
2084.3
2066.0
6147.9
8558.5
3542.1
540.3
4432.5
5793.8
1994.2
179.7
20249.9
50.7
3374.6
14071.1
11584.0
3435.2
3299.6
483.2
16657.5
2834.2
7990.2
13484.6
2471.5
7912.8
3177.5
1036.6
9664.3
175418.7
1212.2
60977.6
9550.1
5200.8
2763.9
1338.9
2.3
51465.6
3862.8
365.3
7612.8
3176.9
1697.9
1292.2
16215.5
7833.4
2019.3
3096.3
4753.2
30981.4
1583.5
30729.2
334.6
1780.5
1408.2
22372.7
2933.8
23897.7
6367.8
23050.9
420.9
1621.2
2063.7
7057.2
1524.7
4758.1
1596.1
677.7
568.2
987.6
36773.1
1175.8
1575.3
3264.2
5045.4
368.3
4986.3
2537.8
4842.8
1523.4
102.5
3662.3
2103.7
1200.9
805.4
6153.2
3121.9
6055.2
17338.8
167.0
2738.8
36554.1
933.9
2858.7
6629.0
688.0
1893.6
18789.9
254.8
196121.8
7938.2
906.4
1198.4
10623.3
4964.1
3134.3
9984.1
2923.7
2846.3
17033.8
4654.9
24771.3
22901.2
509.1
2769.2
6128.2
1135.2
232.4
2870.2
3936.3
4903.7
16841.2
4699.5
10.7
3708.2
9410.9
5167.0
8623.3
541.3
3595.9
4064.0
5287.4
6634.0
1584.8
6371.2
1441.0
2905.0
901.9
4970.0
53334.4
45801.4
6497.5
10.4
6367.5
616.2
97136.2
3350.8
8346.0
804.5
42307.3
1697.2
95.9
3030.7
109.9
6623.8
3707.2
1499.8
1825.9
3309.0
3132.0
2392.3
9108.5
6367.9
911.5
18410.5
2194.4
1754.8
1082.7
1376.9
18602.1
30793.8
2169.4
3673.3
1943.0
32365.9
19925.6
5278.6
279.8
5785.5
2076.4
19610.6
36082.1
2229.7
2821.8
1834.5
3296.7
35876.9
2471.7
13204.5
1348.0
3968.7
11163.1
2759.4
6109.7
54.5
4207.1
541.3
668421.6
305.3
7594.0
3264.6
1469.8
13509.0
4303.7
3392.0
1328.3
20548.0
2229.6
12622.1
2887.4
4321.7
2859.8
1710.8
148.0
2077.3
1676.6
3961.7
1037.3
180.2
95.1
6180.5
1824.8
714.3
4614.6
68.7
819.3
1363.7
1900.2
6433.9
10652.1
738.7
3114.0
1539.8
1710.8
1788.9
1287.3
22359.1
3374.0
8.2
9512.3
5962.3
1602.0
926.0
204.3
2360.1
26139.2
7388.6
27976.5
2440.0
14418.4
3651.2
1456.0
2104.0
6488.0
1721.6
1492.9
4592.4
2330.4
5769.1
105.8
19590.9
1927.0
759.0
1498.2
11583.9
11676.1
30451.0
1981.4
1245.1
2361.7
5406.7
1868.5
33627.2
927.4
3923.4
2056.9
3428.0
8975.6
1524.3
2045.7
219.4
991.5
18147.8
917.7
354.4
804.9
1228.3
693.1
1321.4
19654.0
372.1
2075.6
219.3
12692.4
1388.1
8303.4
50.5
9393.1
2769.0
10612.4
1529.1
54365.5
407.8
155.9
5210.9
304.9
503.4
6180.4
1280.1
253.4
4424.8
4590.0
841.0
1155.2
2567.1
19935.6
1522.9
2298.8
674.0
377.9
30872.0
5289.0
16867.9
1776.4
14560.3
2080.5
2236.3
2807.7
2745.4
18245.2
1432.7
1508.2
7493.8
60785.6
5330.4
154.9
2152.0
1870.8
35927.4
2389.4
14754.0
10133.8
6016.9
4571.6
8102.9
3375.3
559.6
4262.6
15922.0
4658.3
18113.3
1015.5
3814.5
865.2
4772.5
1287.0
440.2
24486.3
1421.2
10217.1
1408.6
2300.3
14.2
5346.8
1485.4
663.3
1553.0
6743.4
13842.1
1175.9
5962.0
1079.6
3433.4
9107.5
1836.2
1856.9
181.0
279.9
4841.1
4899.0
3540.1
4149.0
4016.3
4606.6
243.9
5231.6
17306.8
1283.0
3946.5
1291.2
237.8
5189.4
3570.5
5235.3
337.0
2863.5
4843.4
11587.9
5055.7
10592.5
7384.7
3604.3
804.2
18789.9
13962.2
803.3
7418.0
2602.7
1500.1
27160.9
5513.9
16634.1
1320.6
2272.5
2662.0
16220.4
2124.4
16439.7
7843.7
4034.0
37.5
5704.0
123.0
4590.0
822.6
2082.3
18952.0
5113.2
3743.2
11662.6
1667.8
1455.1
1602.8
3414.0
3968.1
7564.1
3198.8
1500.3
89.2
3163.5
2086.2
1582.9
1039.6
242.4
1488.7
155.4
4557.1
11983.6
154.0
822.6
35710.1
566.5
8414.3
3901.8
4005.0
119582.1
980.7
4424.8
1032.5
12106.1
2778.9
3187.0
167.3
1514.5
2382.3
19588.9
2684.4
1301.0
97.3
6319.9
6603.1
10.8
5171.1
4330.0
389.5
1220.1
19780.0
1212.1
3135.4
579.5
12330.2
1506.4
803.9
598.0
2125.5
5398.7
2000.0
6196.2
3747.4
724.1
859.2
1698.1
676.9
13388.2
1583.3
538.7
1868.8
6120.4
999.4
8552.9
20903.3
9007.2
3549.6
877.5
2720.1
1949.0
13343.2
7755.0
179.2
4867.4
10046.3
53334.4
7281.2
1224.3
3720.8
480.5
42379.7
53423.9
2806.4
52.3
996.2
2351.2
3423.8
3945.3
1900.1
2719.4
15168.0
2496.1
1364.4
242.3
3571.6
3987.5
1022.7
5243.0
3960.6
40.7
1159.4
661.0
4016.0
9573.5
2428.2
3427.8
95291.6
467.4
2550.7
2068.2
10327.8
37849.0
4824.3
5680.4
1387.5
5910.8
4969.7
7547.4
1292.3
237.0
1772.9
925.6
5053.0
4469.1
4366.6
1917.4
4388.2
30711.9
1769.0
10.8
1966.1
502.7
902.2
388.1
474.5
5495.2
1433.7
1931.6
416.0
690.7
1975.7
832.1
14168.1
636.3
1606.0
13230.7
5820.6
5829.7
1432.8
29255.6
1234.7
1783.2
1442.0
1864.4
4648.7
1860.5
4800.3
1073.7
6193.7
4659.0
12946.2
121892.7
2868.8
3032.3
911.8
20278.1
282.6
1567.2
613.8
258.5
4305.2
1541.4
1157.3
959.8
1292.0
397.4
1349.1
85176.1
1551.6
628.1
6409.2
5212.2
18246.0
13975.7
50320.0
6589.0
2242.9
328.1
2759.3
616.4
1927.5
3991.0
4033.3
1199.8
4389.5
2019.6
791.1
1735.2
502.7
1270.3
6710.7
14839.1
3747.4
661.4
8406.7
1901.7
1377.5
970.4
9661.5
3747.3
6902.8
7176.1
5172.7
266.7
6578.8
2904.5
60.1
4202.1
1882.3
1346.9
65179.0
3785.7
2844.8
1523.0
10194.6
830.6
106.0
1584.6
3913.5
12158.3
2193.8
8552.6
2167.4
894.8
5542.1
2192.1
1676.2
9515.6
2500.0
4590.0
548.3
6136.2
2223.2
3525.0
6637.4
2534.2
1364.2
3977.8
420.6
509.5
7232.4
3883.0
13033.5
1537.6
95.6
783.1
2471.7
106.0
1156.8
5544.1
740.7
13880.0
951.0
1352.3
47.0
1072.9
154.7
3045.6
1931.6
4424.0
1694.3
358.2
665.1
12918.4
259.4
5544.1
4867.2
8648.8
7918.9
2328.2
14806.1
7179.1
4240.4
2604.3
689.8
661.4
2499.5
2201.8
8724.9
3887.6
6326.1
9744.4
10186.4
3567.9
5406.8
1415.4
4017.0
14534.9
9804.7
9120.6
160.9
7245.8
24777.2
6183.0
1605.3
8603.0
1125.9
1110.3
30064.3
2595.8
155.5
2143.3
2932.7
78.2
2037.7
1428.0
2234.8
4657.7
4995.1
76989.8
6655.6
712.7
1450.2
1040.1
3450.9
4696.6
4914.6
4796.6
30989.0
2312.3
7189.7
2473.8
7385.9
2362.4
1856.1
1770.5
540.0
265.0
3636.8
1979.7
18094.5
502.2
522.1
38812.0
1822.2
1788.2
5151.7
2449.6
11363.6
11666.8
1513.6
2169.4
30987.8
3392.1
1364.6
1032.7
4239.2
2234.4
632.8
2616.1
804.2
1138.8
1637.0
5925.1
7052.8
973.9
130.0
2000.4
3462.2
80317.5
1668.9
9663.2
8343.9
355.3
6995.6
696.7
123.0
1547.1
4423.8
978.5
3324.0
60572.2
2783.1
15227.3
1611.6
2361.4
2223.6
1651.5
4035.0
4232.8
2472.1
2781.4
2277.7
2561.0
3356.5
1173.4
4239.2
1686.0
16880.9
1864.2
2484.2
2184.1
2013.6
2083.2
2440.0
6449.4
2045.4
3123.3
1777.8
528.8
11882.0
79560.8
13120.7
2857.9
27187.6
4087.3
345.3
4535.7
1079.6
4605.0
9816.7
3415.6
14790.4
3211.8
772.6
7994.4
1172.9
3864.4
628.2
2497.2
4698.2
1637.0
16804.3
2781.1
95.4
108445.0
13858.6
1753.8
355.2
17936.0
9653.5
935.5
280.5
771.2
24266.3
1915.8
7670.3
2138.6
51.9
6410.1
99315.0
664.5
3673.0
2362.1
5797.3
2159.6
2283.0
15537.2
2291.5
3460.6
3569.5
14667.6
839.9
298.2
12.3
3211.6
1503.1
540.2
5144.3
4859.2
12156.1
1469.8
1241.6
573.9
523.5
13196.5
3187.2
2.3
180.7
3243.0
14061.0
1780.3
1464.0
1567.7
297.5
1024.3
3465.3
1441.0
338.7
1175.3
18346.5
3937.6
8107.5
1583.8
11596.6
8967.4
20679.3
19780.0
2691.0
1851.0
2019.1
13509.0
9515.3
5323.0
34.5
2957.2
1891.4
286.2
1110.5
3273.5
7033.2
1328.7
163.0
9736.8
2351.1
4478.2
5671.7
14353.4
626.5
6998.0
926.5
1073.3
2223.3
1489.8
4927.1
6276.1
12914.2
2060.1
3473.6
696.3
661.1
7912.8
750.6
3449.7
3035.2
6345.3
502.6
1982.5
109.9
3470.8
6018.1
343.3
340.2
86.9
1970.8
749.4
1308.8
1857.2
26.1
1138.4
991.8
226.4
1868.5
176.4
4306.6
6747.8
6181.7
3552.6
375.5
1363.9
8958.3
1733.1
4402.0
7183.8
4697.7
2728.0
1046.9
613.5
5195.8
664.3
780.0
53387.0
1972.0
1709.5
6655.0
6590.8
1841.6
4003.4
8975.5
5359.6
17328.8
6709.7
4985.6
1540.6
38956.5
3872.5
1073.6
13508.8
963.8
4324.0
2053.3
1948.6
3752.4
512.1
771.8
2094.2
5394.3
7150.2
673.6
840.6
64585.8
2331.9
5198.9
47715.5
3310.0
544.4
17614.5
2297.0
7990.5
1394.4
7809.5
5816.5
9399.9
187.0
444.2
18619.1
20325.2
1380.9
412.7
663.9
2920.4
907.6
416.3
237.3
2029.2
5960.6
1015.5
4536.1
24712.3
1249.6
10523.7
3550.0
996.9
3210.5
2416.0
12484.5
1433.0
9514.0
7113.4
394.1
2361.4
19575.3
1790.7
2935.2
4026.1
917.8
6449.0
6149.7
6193.2
1577.4
12946.2
24189.7
3901.0
10756.3
5232.4
6749.4
4015.5
6846.0
1425.8
4865.7
13538.0
4728.8
1016.1
21692.5
739.6
5174.7
12248.2
1799.3
12685.6
6317.5
917.7
1845.3
4608.1
6842.2
6129.4
640.4
338.2
4003.0
5542.1
5242.0
2045.0
44980.1
4698.7
26.6
1676.4
2763.3
410.8
2988.2
1155.1
3034.5
1916.4
3206.8
12926.4
3206.5
1528.0
805.1
30784.3
729.2
9654.8
42573.2
8719.3
5447.5
2629.0
1313.0
18126.5
19.8
7240.0
19551.2
2056.3
1159.4
162.6
5784.9
5188.0
24.4
5585.5
3009.6
4603.2
1299.2
22509.3
3135.3
3351.1
384.0
415.0
242.0
13376.6
2254.2
8597.0
1411.4
11374.0
1399.0
1194.1
2518.0
2477.7
612.7
717.6
3226.3
1932.8
2151.7
9316.1
780.0
7394.7
2254.3
14732.5
32556.1
2728.1
668.9
316.5
1352.0
2459.2
1075.9
155.6
416.5
51541.5
2842.7
1096.2
917.4
16634.0
5157.2
5026.4
3856.7
6282.7
3796.5
226.5
270.0
365.0
5174.9
160.7
4042.0
2897.7
729.3
7607.5
776.0
2193.6
3170.2
620.6
4740.0
3007.7
4160.2
860.0
5828.1
6152.4
10183.8
59.7
68.4
4913.4
1041.9
873.1
60704.9
11364.4
7935.8
3428.2
2206.0
477.0
3206.5
10518.6
1943.1
681.9
5785.7
4264.2
6345.5
6106.2
1835.1
2935.1
275.1
1105.7
2622.3
3784.5
153.7
725.9
20903.8
9299.6
2566.9
5407.3
2973.5
1634.9
12611.8
2666.1
14727.0
1216.6
99887.4
3912.7
3054.8
6906.4
686.0
4882.7
5601.5
6865.7
1863.8
1567.2
1172.4
38874.3
6002.2
25.7
392.8
1366.0
5925.0
226.7
6154.9
1800.8
3465.6
2840.3
1623.0
8417.4
6635.3
2903.8
11676.6
1133.6
2120.3
3566.4
1053.2
673.6
1849.4
25354.8
280.3
4260.9
1265.2
47913.0
232.0
4929.7
9650.2
3552.8
4898.6
1228.7
21805.0
4185.7
3225.4
2151.9
1916.8
6449.3
1441.7
10220.6
2206.7
18176.6
14549.9
7398.2
8488.2
1871.2
5715.9
1377.8
1300.8
2001.5
1788.5
2002.0
106.0
24169.6
709.8
1684.9
16217.6
4902.4
9316.5
33563.1
1684.3
1198.2
1066.4
8623.6
1693.0
4749.9
5938.1
509.2
2620.8
8625.8
1684.1
2675.1
1103.1
10798.2
435.4
3427.8
8226.6
2994.6
4086.0
5211.7
123.0
28040.4
12355.6
2205.1
2341.9
4841.1
357.7
2259.0
561.0
14155.6
1799.5
877.2
711.8
7056.7
1847.2
1981.3
4616.6
12261.0
27223.6
2765.8
2463.0
253.5
1434.0
1455.1
18952.0
1927.2
6449.3
21775.0
770.9
2235.4
643.2
6757.6
9145.3
1442.7
243.8
16874.3
2237.1
1175.4
9575.5
1990.6
181.8
20973.7
5474.2
14726.0
3414.5
3134.2
1212.2
1365.0
4002.9
2569.4
1327.6
1807.0
6234.5
1552.3
10550.3
17043.8
4851.7
1.5
124.9
859.6
502.7
2125.6
1088.9
1684.7
3415.5
847.2
207097.2
3517.0
2998.3
8733.5
12340.0
7461.8
574.0
3417.2
4263.3
3107.7
8596.2
1317.4
16426.7
6449.2
856.0
3720.5
943.6
443.3
4843.6
2562.7
626.0
615.0
161.5
51104.2
3344.3
991.2
1857.0
1583.0
3748.1
894.9
1377.4
5325.0
765.5
133.4
1933.0
1637.7
4695.3
23411.2
4.4
4193.2
826.4
19598.5
6803.6
1105.9
1198.1
4658.0
12989.4
6024.5
1090.0
4970.0
2242.8
1530.6
3925.9
1455.7
18736.9
1499.1
269.5
3376.1
7055.8
996.0
5196.3
3392.0
134.6
3753.9
4757.2
13797.7
2265.7
5923.2
1193.0
1529.8
2775.5
3787.2
7050.4
16651.3
4535.8
7678.0
10603.9
2769.6
1073.6
7614.9
1849.4
1754.0
2848.0
3392.6
1734.2
916.6
951.4
3133.1
1890.4
1398.4
693.2
5259.5
5784.2
1538.6
11812.2
20244.8
51520.0
3540.4
2932.0
1090.0
9686.2
9645.8
158.8
18938.2
7735.0
89.2
4260.5
4102.3
5046.3
47.6
22979.8
196.8
4226.6
4775.2
4411.4
2749.9
14272.2
2932.1
6449.4
7678.3
8972.7
2083.0
1813.5
5639.3
6450.9
2752.9
3472.5
10224.7
2427.6
1433.3
8425.4
2776.2
4184.7
24166.9
1203.1
480.9
1507.0
53994.9
6625.4
534.2
47971.0
5046.6
1851.1
523.2
3416.4
3567.9
8971.5
7679.6
5576.9
614.0
3007.7
4481.4
94482.4
4497.6
1001.2
45870.1
1621.6
2905.0
3543.0
3231.0
8824.4
1317.0
216.7
6194.5
4535.1
935.9
1860.9
18804.7
11221.4
4093.1
1789.5
39728.5
52.2
1699.6
4090.1
14788.0
1851.1
2342.4
2671.1
18948.0
18300.1
7441.8
5681.6
1899.9
587.7
2362.2
780.2
106.0
9807.7
355.7
1583.7
259.2
1641.4
3674.2
19545.4
13207.4
7938.4
2146.5
8308.2
2672.6
5166.0
3751.1
3665.0
1132.0
354.4
6445.8
1270.9
3748.5
375.5
7229.3
201.2
6737.2
988.5
2616.0
2536.7
190.7
5327.3
3864.6
1766.8
991.3
2143.6
17315.3
3525.0
1874.7
1032.8
1143.9
3810.6
4817.0
1635.7
129.5
1633.9
1158.5
2288.9
14557.5
509.2
3090.6
13809.9
50398.0
1996.9
3612.9
5495.8
60887.0
1331.0
5188.0
6655.6
2967.4
1201.7
941.8
28559.7
17055.3
1738.9
3721.2
47989.5
4535.7
4146.9
1605.5
2234.0
7911.7
1203.0
2654.4
3308.0
5705.3
867.2
8826.4
3516.9
1110.5
364.8
168137.8
153.3
5693.6
10964.4
3545.2
4259.6
275.5
4645.5
27202.6
870.9
1451.1
3655.7
7755.0
437.2
12103.9
1787.5
9824.5
3980.7
306.9
1322.4
4367.0
6134.3
4099.3
1754.0
1492.1
3810.6
32554.5
2146.1
5328.7
148.9
35940.3
7940.1
255.7
225.8
5541.4
549.3
669.1
201.4
8601.6
58.2
628.0
23050.9
538.6
12500.4
3551.6
8424.7
1849.0
37652.3
4388.0
4924.2
4149.0
2934.6
3719.5
4968.8
5356.7
5111.7
10020.2
491.2
3296.4
6235.8
273.7
2859.3
1328.6
196.8
890.1
3749.8
3924.2
2361.2
6370.1
5927.0
7050.5
4265.8
5472.4
7292.5
4665.6
3032.3
2237.7
3604.2
3262.7
267.6
4518.2
30787.3
2582.5
1730.2
12911.2
3197.0
23423.4
1456.2
7232.0
16880.0
3333.3
64973.0
4677.6
1618.4
2138.9
4086.9
1358.3
1851.0
60072.2
1042.2
7539.4
1228.4
1200.4
1417.6
2458.0
352.2
1971.6
2484.1
142.7
2283.4
1295.4
6635.3
8347.8
2127.9
2327.6
7048.3
1855.7
3212.2
1986.8
324.2
522.4
538.6
2160.2
7053.2
678.5
1864.2
2002.2
3006.7
8529.9
1697.5
3516.6
19309.5
213.8
53425.7
1585.3
27995.3
4192.7
2145.9
1690.1
4386.6
9447.0
4934.7
143.5
480.2
3544.8
12500.4
6450.7
4965.6
2779.7
11016.9
1333.8
1300.8
2583.2
19945.9
4826.7
1456.1
509.2
1358.1
397.9
7232.0
1851.5
4476.8
4903.0
3615.9
1863.4
7748.4
2899.4
1643.1
2187.5
2057.0
487.8
1198.6
2084.8
2534.6
390.0
1915.0
973.3
17921.6
1112.2
436.2
5967.9
2552.5
6195.8
420.6
928.8
2858.0
5468.9
35890.0
6655.9
11368.7
5492.1
1.9
7055.1
7029.9
12952.0
9895.6
9737.2
5527.9
650.6
1420.5
32532.6
20333.2
4133.2
1246.9
522.9
623.2
777.4
4884.6
415.1
204.8
1158.8
697.4
196.9
3460.4
42713.1
4050.0
1859.7
74403.8
11581.5
936.3
2018.3
4588.1
538.7
1540.2
2331.9
23497.6
193.3
337.0
4995.1
1620.1
3706.9
3162.8
5904.4
6804.9
30229.1
3785.0
27220.3
2121.4
35.6
686.2
3798.4
25356.9
1441.1
1308.5
6155.4
5598.2
3936.4
6717.5
2010.0
233.1
1279.8
8824.6
6625.8
280.0
6083.2
1988.7
279.8
6366.8
1972.7
361.9
14752.6
458.7
3516.6
8499.4
2127.1
361.9
9736.4
535.3
14745.7
4883.0
17309.5
7052.8
690.4
233.5
1172.4
9656.7
30816.3
2832.3
1810.4
689.4
3751.3
402.3
1530.1
1769.7
202.0
1307.9
5076.2
1675.4
14098.3
1175.2
4516.6
822.4
2606.5
232.0
868.9
9407.2
1125.6
167.0
5637.6
1032.1
5673.8
196.0
5469.3
192.9
1134.1
614.0
926.0
502.7
20269.2
935.6
8363.4
324.1
3226.2
199.2
3014.4
2060.2
1564.1
237.4
16809.9
5287.3
871.2
4852.1
540.3
4674.8
1015.4
13195.6
3675.9
973.4
15251.1
296.6
3707.9
3656.0
3435.1
7240.7
307.6
3032.0
3296.0
4424.8
252.0
10971.9
1015.5
678.0
540.2
4469.4
1848.9
4042.0
17328.8
64973.0
32415.4
698.0
216.5
820.3
973.4
4911.7
1301.0
2110.8
6637.4
6194.3
10228.2
6658.5
2995.5
5679.9
408.3
4841.4
3177.0
2841.6
5692.3
1675.8
3991.7
7246.0
1082.1
1456.4
1909.7
4172.1
50980.7
11585.1
1199.1
26232.8
1083.8
3719.5
3034.8
5823.7
4489.6
1944.3
9176.1
2748.5
11017.2
929.5
1596.7
2898.5
14.2
453.8
2472.3
181.0
54169.5
2000.4
62.7
2194.2
6658.8
294.4
13382.3
4020.7
36.4
60785.0
61696.0
6279.5
6711.4
1900.3
1675.6
1378.2
7398.0
129780.5
1427.4
1292.0
3371.2
13794.4
18.5
336.9
9179.7
4449.4
2473.0
11608.4
1500.2
121416.7
4962.9
696.6
19591.0
6191.5
1807.2
1916.0
3305.9
3105.3
8662.4
8659.9
337.7
6636.7
3211.9
674.1
1676.3
2208.8
935.2
338.9
3746.9
3051.2
20658.1
4988.2
18314.7
24178.2
1584.8
522.5
4870.7
6826.7
46.3
6453.2
16667.9
463.1
455.6
9442.4
286.2
165548.5
616.2
854.2
2152.0
8349.5
5699.8
1220.3
1927.2
5682.4
16878.4
1292.3
4517.6
5760.5
665.0
12358.0
1870.9
7685.5
2727.9
49734.6
8873.4
8399.8
511.5
4851.2
16845.7
3135.2
1450.3
1358.5
2352.2
1001.7
5165.2
1621.2
75716.7
6103.7
3517.1
5258.2
464.8
9418.1
19819.2
84.1
1388.7
68.3
503.7
868.2
1684.1
865.3
2057.0
4322.0
109.6
4841.3
21503.0
78.7
13216.4
7575.7
2352.3
4424.4
5155.2
1529.7
4403.1
4233.8
3344.4
5981.8
5215.9
4602.9
4799.8
2661.1
2454.5
959.9
13880.0
6192.8
3615.0
991.5
1988.0
6712.8
11359.1
7484.2
4119.8
662.6
29211.2
9504.3
2630.7
13037.0
20451.5
1146.6
7664.9
2573.0
4424.0
2934.9
1441.5
4862.4
6054.6
650.5
1788.3
3308.2
9656.8
5469.7
169968.5
3296.9
5764.2
1765.8
5157.4
2139.8
20194.6
65.8
799.1
3198.2
780.0
2280.5
342.9
1819.8
2415.7
1848.8
877.4
25637.1
14796.7
4223.4
2242.4
731.2
7056.7
415.4
1134.6
152.5
1387.7
1924.1
2934.6
7755.0
18798.9
2157.0
3602.6
8340.4
6485.4
7183.2
6904.9
3544.2
394.3
676.3
772.0
280.0
340.1
24.8
710.0
19910.7
2561.6
868.3
753.6
6654.9
1745.7
7580.1
9653.7
20298.1
853.3
1456.7
29551.2
6005.1
58.3
8104.1
3721.5
362.1
5196.8
1031.4
2509.1
30988.4
286.2
2734.6
9301.3
8557.8
480.9
906.7
5595.2
1410.6
5924.3
1975.6
619.3
12679.2
1321.8
1083.2
765.9
509.7
2038.8
8646.6
6282.8
1186.9
25.4
6635.8
2128.9
178.8
3370.2
5327.3
3135.1
30687.3
1777.0
14353.4
1039.6
397.9
613.8
1450.0
6345.0
981.9
32452.9
9798.7
2673.5
70.7
7136.4
1909.9
1038.6
98225.7
1528.2
4262.2
2840.5
973.7
818.3
456.4
1420.9
1083.7
1551.4
1082.0
8109.4
2979.7
12806.4
42983.3
2587.4
3252.5
5784.6
1401.1
488.8
13533.2
1451.0
2084.4
9798.6
4352.6
650.6
697.5
917.6
9658.9
18335.2
2967.8
4591.6
5259.1
1193.9
4303.1
1279.1
409.3
1717.3
416.3
608.1
1807.6
243.9
7428.0
1996.9
2352.3
1949.4
8655.2
1058.8
1216.5
1753.7
4239.7
315.8
1125.4
831.0
4183.6
2193.9
6054.6
3542.4
1596.1
650.9
1754.5
10376.8
2244.0
4673.6
4022.2
929.1
1219.5
2267.5
4158.6
4824.6
127913.9
661.3
1885.7
1869.7
18759.8
1236.1
3132.5
8765.4
8596.8
163.1
6189.8
10185.6
982.7
608.3
728.9
32.8
4241.1
1932.7
294.0
6517.5
613.8
1073.9
6800.2
548.9
621.5
14848.1
8509.5
4121.0
1099.4
6531.3
5025.7
3262.7
15227.6
2084.3
1421.0
2500.0
381.1
477.5
12250.7
466.1
17104.1
1398.8
1860.0
1697.7
338.8
101.9
5670.5
2760.1
982.1
2504.5
60195.0
232.2
3923.3
5211.0
1890.0
1676.1
8701.7
17.4
38787.4
257.3
47727.3
575.2
2061.2
803.8
42437.4
549.5
3497.6
673.1
6450.9
5026.6
889.8
2260.9
4149.9
750.6
2365.8
1300.6
2190.6
11018.6
4090.6
2672.9
2886.5
1711.9
9798.9
13333.6
1807.8
2209.8
14727.8
936.2
2450.5
9322.0
2520.9
1750.0
752.8
6573.9
361.9
12686.5
14836.0
1420.9
1158.2
1524.1
1694.1
7755.0
88.6
1931.7
25479.6
1497.7
822.3
729.8
1188.2
3638.2
154.8
2629.0
840.5
1856.3
2653.4
5762.0
11209.3
2995.3
2662.5
8977.1
1387.8
280.2
583.1
716.7
3968.8
612.4
2312.7
1754.9
1090.6
5476.3
1425.7
5702.8
94.7
2798.7
17912.0
2653.0
6136.0
1994.0
502.9
242.3
1873.9
1400.7
3552.4
614.1
1193.0
2993.9
5955.3
2584.0
2013.6
19316.1
2760.8
1932.8
4840.7
5324.8
4354.6
1685.8
68.7
1155.2
1125.9
6906.3
6433.9
15221.0
2519.0
1513.2
3373.6
2769.0
3007.8
21249.2
3746.9
8934.3
18935.9
13509.0
1015.3
690.5
7187.8
3207.8
4672.8
368.0
17326.1
3114.0
3428.2
8363.4
2054.0
565.2
2093.0
1851.1
726.1
12697.3
161.1
1099.8
164.9
1529.0
12994.4
5584.4
7485.0
1596.7
24320.1
5174.3
3240.5
1450.0
2780.0
3350.9
2014.0
534.7
4885.7
3961.0
4913.1
14.4
5237.9
12352.2
575.1
5354.1
2382.3
4650.0
94482.4
5027.7
4033.1
2602.1
8363.8
1058.7
691.9
7284.4
1205.3
16429.4
6183.0
16633.9
4325.8
4557.1
1299.4
3112.8
109.6
4673.7
7571.3
242.0
4960.4
11356.1
4385.9
481.2
6398.8
4615.0
2537.3
4605.3
967.0
74832.7
2146.1
15909.4
2656.8
2030.4
3051.0
1015.7
5148.0
7054.2
8876.4
2169.7
3094.6
1500.1
19290.6
1031.5
3513.2
12242.7
1470.2
1560.0
264184.4
1739.3
1450.1
2818.9
8253.3
4120.4
2267.1
7050.4
15044.9
3175.5
2028.2
2416.3
1554.1
10951.0
6636.3
4604.5
122334.0
2330.0
2438.6
5904.6
2330.1
1742.0
16426.7
126.1
7681.4
40.0
3413.0
2069.3
355.8
1331.3
992.0
10.9
5759.7
294.3
10398.8
35947.0
11031.0
8872.1
2994.5
4801.4
2464.2
2879.6
4184.9
180.6
3163.0
931.0
2230.0
28431.7
2364.7
2254.1
9942.4
1562.0
14657.5
1338.2
1244.7
10214.7
3945.1
4589.2
4991.0
11365.0
4535.6
11491.4
7576.5
2582.5
551.8
3812.8
994.1
7547.9
5274.6
1126.1
5113.2
1620.6
5447.4
9688.7
481.2
8294.8
6368.4
6857.7
1576.7
11485.6
2734.9
1200.3
2204.8
372.3
1989.9
2345.9
163.0
4302.4
3690.6
1813.2
1656.1
6196.0
3199.3
49583.8
3857.7
4022.5
2666.7
1605.0
714.6
142.7
1268.5
4215.6
2629.5
254.7
5189.4
8108.0
409.1
243.8
3924.7
4406.8
6573.9
96.3
9419.3
5152.7
896.1
1234.5
20308.8
1099.8
2538.8
2764.2
12262.0
192853.4
819.3
2797.2
2143.3
832.5
1172.8
1441.1
39.7
17934.4
780.2
1365.6
1715.7
1851.3
1861.2
1365.8
1770.8
2298.1
2298.7
10329.8
242.3
1331.0
6839.7
7729.8
2319.3
4233.0
6800.4
1432.1
2364.3
2202.8
698.6
4003.4
3595.5
2662.5
7618.2
8432.0
12148.0
8665.0
5527.8
307.1
5588.0
8736.6
102.4
57001.0
6989.8
2027.8
6005.2
1733.1
1338.6
10599.6
45914.7
3032.4
1130.8
1602.0
5961.9
74537.9
4384.8
2464.7
4239.3
231.4
1720.6
4540.9
14672.6
227.8
2462.8
12343.4
2748.6
2606.6
6859.4
161.2
124.7
26480.2
8434.7
789.3
27993.9
2572.7
4380.0
2737.1
5258.8
22540.6
501.4
6624.7
1338.1
19295.0
416.5
1972.7
532894.0
2045.0
3713.3
1890.4
465.9
2134.2
1754.4
20189.0
2152.1
2411.2
14566.9
650.9
1193.4
20284.5
1811.4
4985.0
26496.8
134.1
452.0
1986.2
2572.9
1039.9
6589.8
95.3
13349.9
6103.0
18246.0
3205.8
5351.2
6659.5
102.1
35936.5
12994.4
8215.1
105.7
963.5
1194.1
228.7
522.3
1524.0
5405.5
10.8
12346.4
803.6
25520.7
1981.4
9095.0
3162.6
2497.2
7987.9
29287.0
2814.4
3324.0
12952.0
11567.6
2482.2
449.1
4443.5
2629.5
3296.2
23491.0
8975.5
777.5
41.3
5077.9
6051.8
1788.8
1004.7
6492.6
4695.1
5940.9
2727.3
3207.5
18285.7
5548.0
840.0
3349.8
480.8
1685.6
2846.9
166.1
1110.7
3750.3
2013.1
5142.6
8235.2
408.4
5189.9
9221.8
2391.8
5620.7
29981.8
12697.3
4562.0
1908.2
1638.0
3045.6
39900.1
3035.6
17012.8
2392.3
1860.1
4445.5
1386.9
2424.3
820.1
1790.1
894.3
2103.7
8324.8
270.4
19877.8
1754.3
12460.3
2330.1
9664.0
886.4
1450.0
6624.5
710.0
883.4
3322.2
2471.5
1492.8
1697.7
1692.3
3208.4
15817.2
97.4
540.0
5540.9
883.5
1053.2
540.4
4967.9
2727.2
2273.5
3872.7
4755.0
130.0
10986.6
101.7
1799.6
8408.0
19313.5
5148.3
4458.3
881.1
1433.7
123.0
3907.4
397.5
13326.4
3714.9
4622.7
39454.3
1570.1
24211.2
4004.9
1456.2
13208.4
95.4
6708.0
2426.6
1135.3
124.8
49.2
716.3
559.2
7380.2
752.8
4746.4
3946.0
4658.4
4650.9
757.1
2482.8
1981.9
10026.5
57195.1
894.8
50510.9
1212.4
2362.1
4412.9
1313.0
2765.8
1079.9
1741.5
4149.6
1527.9
19538.2
3978.6
3489.7
5430.0
9803.4
902.2
19544.8
2608.3
757.6
20972.2
1507.3
2276.5
3254.0
1539.8
6030.8
2159.8
1551.3
2111.9
3552.4
8972.9
33809.4
2871.0
434.3
1684.0
35936.5
2234.3
3322.8
535.6
3544.2
540.2
5681.2
974.2
10346.0
13506.5
3009.3
724.5
278.0
18124.6
5815.5
959.6
18938.6
5216.2
30440.2
23117.8
1201.4
650.7
6851.3
6940.6
88.4
2159.8
2586.9
276.6
1321.0
762.1
2906.3
5217.6
19297.6
1083.0
26852.7
4987.3
1528.0
14690.4
1942.6
480.1
4813.0
11581.8
286.2
20322.6
13217.4
2194.5
167.0
20303.4
143.1
18131.5
4406.3
4305.7
4067.0
738.6
2815.6
4387.1
2046.1
2760.7
5925.2
16780.7
3595.2
3198.4
3032.4
951.0
8361.9
1066.9
3613.3
428.0
22989.6
42542.0
607.9
4447.5
3512.9
406.8
6131.5
1972.0
338.7
16215.5
427.5
5197.2
5286.5
725.9
8625.1
697.4
4145.4
1927.3
3306.0
2245.1
4556.7
2603.6
6282.3
10124.9
4673.2
1538.0
5210.8
2193.2
2719.8
789.5
7221.7
5639.8
2483.7
6053.0
32466.9
48111.2
1800.8
7154.6
3615.1
678.6
3434.2
5784.3
82.7
39599.6
8321.2
4930.2
4859.4
58.0
3122.4
2500.0
11669.8
2783.2
725.6
364.4
7151.8
4227.0
490.0
959.3
5503.4
65135.2
724.8
12262.0
5233.9
77798.8
17343.8
42203.6
1868.7
188.3
2457.9
1512.6
1320.9
17306.1
11.0
5405.6
397.2
2329.2
1575.6
7377.6
1349.6
201.7
393.8
409.7
4319.1
6053.0
1177.8
8623.8
5346.5
10375.2
2536.0
6488.0
3991.4
1258.6
14570.1
2044.7
650.9
2144.0
10798.2
745.6
884.2
2467.5
20660.9
4017.0
11121.2
566775.9
2724.0
4016.0
8659.2
6367.2
12915.4
1155.8
2442.1
5571.4
509.2
9097.1
522.6
24723.9
10942.4
307.0
6633.1
4158.4
2660.8
26.4
253.7
1156.2
1138.2
1869.1
2769.1
9451.6
1450.2
204.5
2571.5
3113.6
6606.4
1416.5
9309.7
2036.4
522.8
3295.9
30428.5
4231.6
2415.8
134.0
959.9
4122.3
17553.0
12339.4
1602.9
15430.0
18291.4
226.3
1807.4
25.0
5527.9
4858.8
2351.9
480.1
4698.5
996.1
133.1
4206.7
30227.4
6232.6
3208.3
21735.2
7675.6
2629.2
51194.4
10363.4
50422.0
19509.2
5507.8
2082.7
11012.5
8662.5
679.9
7696.4
2507.1
26230.0
988.5
2569.0
549.1
710.0
848.1
426.5
193.2
4016.4
847.9
466.0
7279.3
2151.9
2724.1
4735.9
2002.7
2106.5
692.4
3231.6
13538.0
634.6
37856.9
1781.0
834.0
8431.2
54207.6
1220.2
1132.7
1292.3
1776.3
7189.5
1980.6
4716.3
820.6
2000.6
6624.7
2763.3
1927.0
2364.9
20586.5
9447.4
10345.0
6367.7
1377.7
35902.5
1669.1
3543.0
2674.8
4560.0
4034.8
4034.6
1139.4
11369.1
3298.3
6017.5
1684.1
5527.8
1312.3
18334.5
34502.5
11012.0
1468.0
2720.9
2191.9
2413.0
1331.3
4945.0
1851.3
3134.3
2184.6
460.3
1745.1
3124.3
2438.9
4450.9
97106.8
15432.5
7990.7
1974.0
3818.9
51192.7
19819.2
3899.8
4.0
185835.0
304.9
25.5
3498.2
1443.2
1622.5
1982.4
6183.0
535.4
243.4
726.0
4020.0
1900.3
435.8
855.2
4625.4
1025.7
4962.6
2260.4
13509.0
1764.1
200.7
2616.0
19550.8
30991.9
338.1
2456.3
1742.8
108445.0
3673.5
81252.9
5234.2
1039.6
988.3
4990.1
694.5
5586.9
2383.0
4963.5
877.0
1799.3
1767.6
1698.4
5599.7
5413.4
1777.8
3333.7
903.5
1321.5
2844.9
2506.4
12914.8
20270.5
1685.5
5681.2
8393.6
5492.2
13982.1
1156.6
4016.7
721.0
294.2
48228.0
2125.1
1972.9
8608.4
16229.5
1135.2
237.0
676.6
1643.1
236.9
15164.6
51682.2
2205.1
4609.3
3299.6
572.9
53425.7
18396.2
12918.6
2616.3
2243.6
1868.4
6708.8
3577.8
1187.3
3133.9
2737.6
8955.4
4963.8
822.3
11012.9
50498.9
2551.1
2724.4
1321.1
29999.9
4780.0
16832.0
3732.7
907.3
19128.0
6602.8
826.1
724.6
364.9
2110.8
682.1
14534.4
7433.2
11842.6
1773.8
5174.1
2858.8
598.0
4964.9
3990.7
4150.1
4696.1
6733.3
20258.8
1927.2
7937.1
4536.2
6154.0
9112.9
6246.1
3391.2
356.3
9548.9
1059.8
9402.3
4033.1
2588.7
32411.7
7112.4
5187.4
57203.1
1364.9
1358.1
1245.4
3015.5
665.5
61085.8
2484.6
7244.2
20439.5
29652.6
86.3
725.8
2300.5
781.0
1656.9
2895.3
3112.6
119.4
5198.6
3416.1
426.0
3181.9
1158.2
3095.0
11347.0
3522.8
4967.1
17994.1
1411.7
632.2
6251.5
1058.0
297.8
1026.5
5573.4
1188.0
12626.7
453.5
4969.7
14417.9
108.4
2051.0
1358.1
8560.2
2915.8
2102.7
8492.4
848.5
5150.4
980.5
2193.4
2816.7
387.9
3811.4
264.1
668.4
2858.5
2242.8
868.6
5258.9
2351.0
258.8
1970.8
4711.4
1411.1
4149.0
15537.2
987.8
1694.0
5795.2
2009.4
5353.1
11578.3
580.4
5512.4
1102.3
5576.8
210.3
3181.7
7911.6
3033.7
4672.8
2121.0
10836.4
1524.0
3322.3
152414.0
108502.8
8661.7
3325.2
3543.0
3811.2
24169.6
1745.8
27194.9
10203.3
13191.0
974.2
34151.0
9680.1
7936.9
1856.9
1810.2
336.7
3437.0
416.1
34466.6
3227.8
2365.3
37947.0
18359.4
35947.0
787.7
899.2
2484.9
2083.8
232.0
2655.4
12942.0
4304.1
593.9
4647.7
419.7
1450.3
11018.0
5152.5
11649.4
951.4
1386.9
19310.3
3403.9
2583.1
1949.4
4862.4
1469.8
1712.5
233.7
1889.1
9815.5
5238.8
4102.5
18950.4
239.8
1455.8
7498.6
4206.0
2748.6
833.0
4861.8
5276.2
4569.9
3992.9
13195.5
14.4
427.4
7680.1
2666.4
7465.5
21831.0
4387.4
2414.8
10.6
41354.0
19313.9
1022.7
54.6
4186.4
752.7
4594.7
20574.1
4540.4
8731.2
3404.5
651.0
11599.4
9436.8
1321.9
521.3
1492.1
14544.2
232.1
1058.6
130.5
2299.0
4002.9
1455.1
6709.3
482.5
911.5
5704.0
35175.0
8827.6
4291.2
1799.6
5393.2
4352.7
1456.4
501.3
11877.7
4305.0
1577.6
6053.0
3051.0
5445.9
387.5
1090.6
10207.6
394.5
717.4
2763.6
9940.1
6345.0
158.1
632.7
1451.1
1844.7
10327.2
522.2
1981.5
163.9
5397.1
2254.1
8160.9
2499.6
233.4
2620.5
1176.9
264.6
17306.4
7220.8
29167.8
607.8
15261.3
391.2
3908.1
8973.3
722.0
94.3
19.7
6544.6
1283.5
1697.2
34.6
865.1
668421.6
1130.2
2147.0
55.1
14351.1
2111.3
2028.0
167.2
10016.4
1938.2
303.6
2151.7
17334.2
1313.0
102.5
89.6
22352.8
8775.6
8000.8
13418.8
29980.1
5196.4
30265.3
42553.1
228.6
3612.6
80666.8
1408.4
4387.5
3308.1
1186.7
1125.9
2612.6
41219.7
4033.7
2128.1
8593.4
1901.8
18374.5
3088.0
14747.9
1869.3
5210.5
5961.9
1712.9
7000.6
2069.0
30784.7
119210.2
53204.1
870.9
6737.3
1058.4
394.7
32565.4
14797.3
2328.0
5217.1
24597.7
11209.3
2159.3
10351.0
2748.6
188.6
9815.2
2886.8
2571.4
2554.1
428.3
17329.2
97.2
1.6
1619.0
2277.6
10436.7
3298.5
26231.2
10764.3
1756.4
165.8
4402.9
6799.4
11018.6
5416.2
1308.6
3123.4
2572.9
2744.4
6104.3
3060.1
874.2
304.8
3445.8
326.7
2501.1
426.8
7748.4
1039.3
7496.0
4305.0
11573.4
3433.2
365.4
3136.4
2094.7
2021.0
2013.0
8667.2
30737.3
692.1
16832.0
7755.0
1643.2
1390.2
2194.2
2152.0
4779.7
1130.6
6514.6
2095.2
29619.9
12988.0
449.0
5217.2
122299.3
1199.3
216.5
1266.0
25412.2
3567.9
1461.5
7747.7
1927.0
2550.6
5175.5
1789.0
2740.4
3575.5
3615.7
1077.9
5998.5
2093.6
943.1
165.7
213.1
756.9
528.8
1950.0
33643.0
2709.5
907.3
2190.7
268.8
4898.6
2573.4
338.9
3412.7
7395.8
6321.5
2870.0
3553.2
3944.7
4672.9
342.3
1769.3
411.4
917.1
3616.1
1138.4
66.2
1377.6
993.7
51010.4
78.0
1070.8
1787.5
1121.9
2205.9
4366.8
12626.4
1215.6
19939.6
1031.5
1604.6
10838.2
421.0
1909.6
14495.3
3464.6
22509.2
12692.4
17928.4
1005.0
25241.6
4817.1
581.0
4782.3
30866.4
10341.4
2329.3
1684.1
8497.3
2935.8
1173.0
52.1
26990.5
3938.7
3672.5
7681.4
825.9
2674.2
1697.9
4519.0
710.0
5953.9
3901.4
2720.7
3368.9
1321.8
664.8
3719.9
6055.8
275.2
17318.7
47081.3
7813.8
5048.0
2350.9
3432.1
1733.4
2797.4
1653.5
15210.5
11222.0
1065.6
1484.1
6158.8
3960.8
6634.7
1915.0
549.3
13841.3
1851.1
2038.5
337.7
1712.4
870.7
3298.6
41089.4
7438.9
5417.8
2352.3
10547.7
2764.0
1489.2
780.6
1090.5
2477.0
10.5
999.2
1807.8
1001.5
16866.8
22350.3
1193.0
3231.7
7679.8
338.7
6945.9
1471.3
237.3
6433.6
561.2
859.0
3412.6
842.5
534.9
4627.3
710.0
739.0
2915.0
5217.6
16347.2
52.3
1416.0
24327.7
1856.1
645.3
2001.1
4695.2
13191.3
1032.5
3979.9
2430.7
958.9
4002.5
3391.3
4240.1
1145.3
34289.8
12339.6
7683.3
5198.1
3178.8
1289.1
1171.7
2026.4
3296.7
51292.3
188.2
4841.1
24.9
25568.1
4320.3
12918.4
1042.1
13538.0
7141.6
35158.6
163.1
1675.3
6655.1
51002.4
1778.0
1469.8
1228.3
29649.5
65.9
7675.8
5329.6
30989.8
1073.3
2126.0
4815.5
12623.5
981.1
4172.0
959.4
23129.8
8601.2
2236.3
1799.6
18339.1
9936.7
2029.2
6577.9
4519.0
1684.1
2967.6
4306.2
160295.6
2737.5
342.3
7374.0
621.8
7174.5
453.5
1846.6
394.0
6553.2
1701.2
538.2
650.9
17312.2
97219.6
714.7
11469.5
346.3
198.1
5322.4
4406.2
4320.5
2615.5
10519.1
5619.6
2574.3
4210.4
1003.9
636.4
67.8
1988.1
1021.6
911.7
4885.8
1177.0
1653.9
7496.8
4033.1
633.0
8352.5
421.7
1456.3
849.2
5238.8
1485.0
1155.2
426.8
19308.7
146.9
26220.4
640.8
13516.3
4456.5
26187.8
2066.1
15537.2
2107.3
2328.6
30710.3
2918.8
189.1
2620.7
3428.0
1789.0
5511.5
2417.0
5910.4
29830.5
5324.1
1860.7
1292.3
2135.1
1082.3
38717.5
1212.4
4566.8
29274.0
4816.1
1764.6
3343.2
1010.2
22013.0
1041.7
3862.5
1489.9
5153.5
6655.1
1527.9
148.8
3945.6
2119.6
10349.5
643.4
5148.3
4458.3
372.1
2780.2
5187.4
14272.2
3980.0
9104.0
30989.4
5115.2
2254.2
4801.0
2653.1
2125.2
3732.5
9567.1
3871.5
52.0
14353.4
4186.4
5696.8
14341.6
195897.9
6999.3
14495.7
1259.4
30227.4
649.9
1206.0
65192.9
10957.9
397.0
972.7
11153.0
297.7
6191.3
6522.5
3006.8
14353.4
8668.4
1869.1
3540.4
2858.9
882.6
2769.3
1986.3
4240.6
9348.8
1279.4
36564.2
535.3
2581.2
3263.0
214.1
7176.1
8608.6
7675.0
9103.4
1175.6
1071.3
662.9
5176.6
474.1
23445.0
19578.7
1377.9
81779.5
1399.9
1219.4
394.5
336.7
4151.7
1993.0
780.0
3405.8
19902.9
690.9
2737.5
6800.7
4426.2
16216.3
243.0
6908.5
17039.5
1132.3
42401.3
161.2
2915.4
3352.2
6237.5
979.3
6274.8
1941.9
1030.9
522.6
2117.2
3961.7
884.6
2534.5
1726.7
2472.4
2299.2
2044.8
1175.3
4187.0
42527.0
154.9
2076.0
3750.6
9095.6
2206.2
5350.7
841.6
336.7
1339.6
22354.1
428.0
19809.6
102.4
36098.5
2847.2
122334.0
2388.6
4087.1
9224.0
5542.8
1260.3
7072.0
4915.0
1334.1
32481.1
2507.0
5174.9
3674.4
32.4
523.4
2381.3
632.8
362.3
2211.5
979.3
3134.4
1321.8
14928.8
7733.9
8064.8
3732.7
508.7
3212.6
6582.9
5977.3
2009.0
4590.0
600657.8
6635.3
1788.3
20186.1
4367.0
11187.0
6232.2
2414.1
2802.4
2023.4
6556.9
1451.1
5286.5
3869.7
7841.8
1240.8
3411.2
2483.2
2216.4
3177.3
772.0
6283.5
3863.1
917.2
1981.4
11583.2
20313.1
3434.5
3009.4
5923.9
4447.0
4306.6
917.7
4406.1
3106.9
632.7
34328.2
7159.1
959.7
12351.8
8406.1
9817.2
4146.0
3750.0
1575.6
1710.8
1733.7
509.2
6818.7
3959.9
7935.4
1002.5
2013.5
6342.3
1932.5
712.7
2724.0
1450.0
5197.5
543912.2
1685.2
210.1
212.6
1031.2
1235.4
5514.5
2870.0
1810.3
2129.5
4042.0
1052.8
798.7
9414.0
2803.1
3523.3
5793.4
68.2
3962.0
280.3
2236.7
535.4
6604.5
2103.1
6668.7
10214.6
3154.4
154.9
96.4
440.8
152.5
951.4
108.4
4122.5
5045.6
2678.4
24.3
1870.8
5028.4
19666.7
4425.2
3658.4
8002.6
847.2
1996.9
13042.0
2605.1
1200.1
7195.3
359.0
12984.4
1389.3
4366.8
906.9
7731.1
2775.6
645.8
1244.7
13350.2
4797.2
2190.2
1890.7
4460.1
4559.9
2748.1
538.1
2806.3
1638.0
673.5
4867.3
8099.4
134.1
3658.7
1412.7
787.5
6750.0
118.9
2897.4
2720.7
30839.0
1154.9
1358.1
1421.0
2056.9
968.3
51191.0
7188.9
12148.7
27238.9
209.6
19297.8
832.3
1411.7
3309.0
3882.5
14073.5
65269.6
17.4
1807.4
19127.2
917.7
2489.2
4366.6
9425.7
2936.1
7991.7
19917.4
10549.2
7908.7
749.5
2737.0
5924.4
2894.6
2612.4
2413.4
14.0
21998.7
3087.5
1932.5
5621.8
380.0
280.0
4208.0
2053.0
959.7
994.1
1484.5
3495.5
3961.7
2819.5
469.2
981.8
15256.1
78.0
1058.8
7939.9
1512.8
7801.2
11213.0
1205.9
6055.2
1513.9
3475.8
968.7
819.1
2045.5
12145.7
19335.5
2342.9
43264.2
6657.5
3033.0
5237.1
2236.4
560.9
1788.3
272.0
1193.3
7052.8
6486.0
3462.5
7230.4
51.9
1651.8
1900.9
416.5
14542.3
1441.1
5514.5
11583.6
1066.4
2863.4
7931.7
4307.0
560.8
4665.7
833.8
1616.9
1194.0
1110.9
1888.7
2826.4
1194.0
1974.0
115.6
7050.8
8973.6
4594.8
1300.8
32.7
10224.7
210.5
12683.2
1545.6
3032.9
1851.1
1221.8
7691.0
6962.3
102.7
2830.9
3638.8
6348.2
2342.8
18752.7
1451.1
1894.0
4698.4
10770.0
4469.7
1914.5
4912.1
688.6
13028.5
2484.3
2390.6
3817.4
1617.7
99696.6
7181.9
501.6
4816.3
1411.4
5212.7
1425.3
16655.2
1139.2
9355.6
2898.9
375.8
77867.3
470.9
897.3
18782.2
379.6
14685.8
82737.5
4483.3
3134.1
4865.9
1538.8
2282.4
14652.3
1701.5
51.7
2781.3
4066.2
4042.0
998.8
2053.9
4449.9
4321.0
4138.7
824.9
742.9
5386.0
4989.8
8358.4
1.9
1870.8
2684.4
613.5
1309.9
1235.8
1937.3
4022.1
3088.5
999.7
1927.1
4240.2
1188.2
1749.9
377.1
4615.4
41151.4
501.3
995.6
974.4
7733.9
242.8
2061.2
8410.9
19571.0
2720.1
830.5
1171.6
931.2
29539.5
2363.1
541.5
3615.7
3239.3
903.5
12939.4
874.4
5585.0
6511.5
42724.3
3199.0
8599.6
598.0
3163.0
7219.9
5233.9
7674.3
101080.9
5162.2
1300.8
4616.2
936.0
11015.3
3433.5
5238.8
509.1
981.1
2243.1
6980.6
161.0
5921.8
3225.7
1666.9
7936.9
2573.1
47.7
4962.7
51421.7
1032.3
5234.9
1075.8
8429.9
49447.6
4385.9
3574.9
1058.6
2472.1
1251.7
681.2
13523.2
1241.6
6020.5
603.6
952.0
17297.6
1450.0
1538.8
101.8
2839.3
11981.9
6800.7
3709.6
17358.5
1492.7
12693.4
6123.2
5162.5
6317.4
53425.7
5969.2
3417.0
78.1
9428.4
3121.8
26.6
2573.0
3634.1
3263.3
625.8
9173.1
76.2
336.7
3297.8
1497.7
1634.8
742.0
9515.2
34585.0
4587.3
12952.0
2858.4
587.4
3284.9
56629.6
24858.0
1676.2
2424.1
1212.0
1552.9
1937.2
710.0
74389.9
2737.1
3011.2
2281.5
11140.8
5912.0
5784.1
1126.3
197.6
2152.1
3463.7
280.2
1241.4
6051.8
10804.1
5330.1
6143.9
1926.8
1541.4
68.3
1456.1
84280.2
882.3
346.2
3403.8
3610.9
5969.0
2312.4
10226.5
1364.5
722.4
1932.4
3581.0
5823.2
5527.8
340.4
3180.7
3813.1
522.8
1203.8
2497.2
5785.0
1126.2
2038.4
1891.4
179.2
9457.5
1112.4
21479.8
25262.0
143.1
1699.3
77280.1
3264.5
435.6
9851.2
4887.7
572.9
14534.4
107710.9
416.5
1.7
5939.6
20453.8
523.7
1856.8
3154.2
5923.8
3170.2
6655.9
1184.0
17994.1
13067.3
4305.1
1015.8
26238.4
1416.2
2506.8
3314.1
47.5
1284.4
160295.6
1246.3
1698.0
873.7
3391.3
1456.0
11016.0
3154.8
3919.1
19578.4
1716.0
2724.0
46832.1
3380.4
1971.6
3923.6
5286.5
4405.6
1937.0
919.0
7730.6
560.8
8955.7
1606.9
6128.2
959.6
5328.9
5584.1
208.6
5650.1
237.5
408.0
1973.0
1321.8
258931.9
3455.8
3295.9
47.1
1522.8
2988.2
17328.4
4303.2
18131.5
1441.1
1810.5
5593.2
2391.8
6367.2
3960.7
13511.1
4813.5
502.5
1583.1
1213.7
2391.4
1215.7
2144.1
901.8
3414.2
2298.4
31725.0
7102.8
548.7
2124.4
4151.1
3178.3
1530.7
3865.4
1864.4
7939.9
426.7
3254.2
3616.5
3923.8
558.1
10948.7
5415.2
1753.8
1076.5
7183.3
4651.0
943.9
1219.8
348.7
394.1
522.4
1936.9
10969.4
7109.0
163.1
974.0
5050.7
642.5
3197.5
3720.1
1777.9
1220.1
2720.7
1605.7
46.9
950.8
2481.3
935.7
2653.2
3403.8
3344.1
3917.0
716.3
315.8
2.2
2728.0
3887.0
3350.6
994.2
3122.1
3512.6
4172.2
106.0
1987.0
1194.0
2125.4
3746.6
14790.9
6863.2
764.7
3513.1
5029.0
95677.4
3660.6
7911.0
4883.9
2999.0
205.0
549.0
1510.5
2391.8
1643.3
1489.6
2573.4
648.4
1138.9
5152.1
2364.1
1595.2
1365.5
3374.0
1421.3
28209.6
4022.6
3034.9
8957.7
3467.2
352.0
550.6
2361.8
966.8
1783.2
1090.1
4260.2
1602.8
3968.0
1510.3
3864.2
201.9
6634.7
7988.2
1661.4
1134.5
4015.4
1527.9
572.6
1916.9
168320.5
6852.6
8429.0
2076.3
32423.2
1915.5
1387.8
6368.8
1774.3
6192.0
2003.1
6747.3
489.2
3033.0
5142.2
933.9
7102.7
484.6
663.2
2724.0
7935.8
3425.4
2719.7
3541.0
65030.7
3105.9
2760.5
3180.3
36798.6
1284.6
3962.3
1200.0
4050.0
1340.8
3524.3
5512.3
12952.0
509.1
2799.1
10783.8
1856.1
2343.6
2267.6
12.0
5966.6
9454.3
3008.3
3690.4
8106.7
2085.3
2805.5
19959.3
6059.2
3433.0
3344.3
10032.4
5354.2
1685.4
167.0
1742.8
3567.9
1594.0
1691.4
1131.7
338.7
1146.6
8973.1
1710.9
11362.9
1505.9
394.8
1451.1
1129.9
1668.1
102.8
14489.1
6950.4
770.9
189.4
28021.7
4897.0
17881.8
124.5
959.9
3497.6
4519.0
5450.7
896.2
539.9
5586.5
3308.1
280.0
697.2
2518.7
280.0
3162.6
355.7
1657.9
4413.6
14.0
10792.6
451.5
189.5
13229.7
3566.4
36714.0
1412.2
2.5
4914.3
6636.3
9817.2
1015.4
7111.6
4200.9
13825.4
3355.2
2119.2
2863.2
6079.0
6848.7
394.3
342.9
233.1
1734.2
8557.7
24510.3
1004.4
1080.1
8308.7
6194.4
2002.0
4151.5
388.7
9815.0
4002.2
2053.4
10786.5
1810.2
163.1
14.6
108.2
804.4
5472.7
1433.1
4867.3
2506.6
60.0
4173.3
2924.3
1982.2
304.8
3134.9
1528.0
454.5
352.7
197.4
8600.2
534.8
3517.1
20247.8
12962.8
534.3
972.6
11604.8
1292.1
4131.3
49620.8
2914.9
78.1
13841.3
4067.6
2674.7
1106.2
1045.9
15908.4
4228.2
3706.5
2143.6
2608.5
1507.3
272.7
1596.1
3551.6
1915.2
966.8
2138.9
16234.6
5759.6
780.4
8301.8
5176.7
9167.5
932.0
33751.2
5261.0
1322.1
523.6
33.4
6433.9
40.1
2206.0
3008.5
14351.0
30266.3
1856.7
1268.2
1643.2
931.0
4451.1
7114.7
18748.6
21745.0
1300.6
2201.6
4912.4
179.7
15430.0
2477.7
8196.7
1023.4
133.3
6181.1
534.9
489.7
4034.5
156878.7
232.0
2538.2
538.4
2329.5
3446.8
3690.7
6486.0
271.8
40295.1
9638.3
3441.7
3960.8
1617.7
4333.0
1031.0
246.1
24.2
2573.3
3672.7
2342.5
4985.4
16804.4
864.8
2254.0
116.2
2751.9
2612.4
7232.0
125.8
4657.7
53308.8
15902.6
1539.0
1220.0
1698.1
3178.3
31012.9
1716.4
9520.0
3345.7
1992.6
3033.5
4842.7
912.0
119210.2
6596.0
164.9
8416.4
14383.8
209.3
3256.2
39827.7
237.3
1634.4
3373.2
1241.6
523.1
4962.1
258.2
10359.6
10330.8
999.2
604.2
157553.4
14547.9
1777.0
620.2
1410.2
453.2
753.1
698.1
2169.6
11374.0
14.5
1295.4
365.3
8499.0
1855.8
5050.2
625.7
2522.3
13509.0
15844.6
10775.9
210.5
1008.4
30748.1
6053.0
1809.5
1634.7
142.4
3226.8
5446.8
425.7
926.1
9302.0
2752.4
3705.5
9802.5
807.5
10533.2
2381.5
1155.1
502.5
917.6
3719.9
560.8
1538.4
3206.1
228.7
8486.6
2084.6
22356.6
154.6
8304.3
3273.8
64346.6
3616.3
509.4
409.2
3206.9
934.6
255.2
34.5
108.2
2484.7
3265.7
6020.9
1510.6
167.1
1513.4
36067.5
390.9
8976.3
2343.1
15179.2
159.2
96.1
345.5
11015.2
26.3
1690.9
1513.4
9423.7
16923.9
10447.7
6452.7
361.5
4156.9
2721.1
11365.4
825.8
362.2
1851.5
1313.0
1216.2
23200.6
3313.9
51530.1
1167.3
3672.1
87.1
2157.5
1528.6
6846.1
877.4
4305.0
586.3
30989.6
929.2
518.6
741.9
642.9
1524.0
1634.9
6371.0
851.6
5166.2
3986.6
2362.8
12159.0
5889.9
2667.0
1152.9
1184.3
13219.1
109.3
3414.4
8104.1
12320.2
28037.1
1432.6
8888.8
3709.9
2381.9
14417.9
32428.9
1724.1
16865.9
9656.6
6739.7
338.4
24839.6
3572.7
1220.2
3428.5
87.3
968.2
5599.3
3308.3
20288.9
2477.2
1443.4
16428.5
1399.6
11164.2
2660.7
1137.3
1972.0
4911.7
2351.9
951.0
522.9
3496.5
354.4
97653.0
917.7
1077.2
30292.2
2330.3
324.0
3351.4
57116.2
752.9
629.9
6449.2
1399.9
803949.2
1787.1
1412.2
2051.0
2763.7
1874.2
2656.4
4587.3
3513.6
1927.5
6054.7
7135.9
1926.6
7375.3
4457.6
7672.5
558.5
6737.4
6554.4
1388.8
4322.1
8737.0
2144.0
1470.0
6590.2
2345.5
4866.0
1488.9
5449.9
4589.2
19.7
2498.7
1888.3
3690.6
4149.0
124.8
11812.2
2330.4
1641.4
4779.6
2159.2
7677.9
2562.4
16832.0
12610.6
3325.7
826.0
1389.6
7747.7
12684.7
2988.2
10406.5
47.8
3981.1
1982.3
1896.0
378.7
452.5
1456.7
8664.7
7748.4
1774.2
1220.2
1782.3
7136.2
3869.3
1216.5
1643.2
2477.5
3411.8
714.1
30784.9
1065.5
1676.0
6794.2
12952.0
501.3
1301.0
351.6
3299.1
4021.3
777.5
1846.1
1198.5
7275.0
159.0
1228.4
1484.1
1288.7
3568.4
1638.6
1691.6
3253.8
2066.9
370.6
12827.6
3811.3
6014.5
5.1
6553.1
1575.3
926.0
4262.9
15533.0
3226.6
805.6
1927.1
1652.8
35745.1
51041.6
905.9
14553.1
9171.6
415.6
3032.0
3881.3
231.5
4994.5
1313.2
4104.2
11603.3
13496.3
14727.1
40.3
6654.9
2.4
1895.8
2393.5
1970.8
5681.4
4646.7
10833.4
95.8
443.0
394.4
1213.9
1309.3
2313.4
60876.2
972.8
18311.0
4149.6
1981.1
2032.0
770.6
2051.5
1412.9
3501.0
24.0
1925.3
2534.2
2469.6
2675.5
66.1
894.8
4750.0
2936.8
39325.4
238.3
860.0
3512.7
730.6
193873.2
14262.8
82.7
31892.6
971.9
9651.3
77286.7
8555.9
13509.0
685.4
238.6
4672.2
20185.7
3153.4
2987.8
1606.8
268.1
501.6
51.8
5681.0
1188.0
690.9
6446.5
1425.3
968.3
4319.7
328.7
2106.7
3468.2
1822.6
10128.8
2484.5
822.2
6321.0
45783.3
8717.9
484.1
1241.7
850.6
238.8
1235.9
8959.8
3672.4
12917.6
560.8
6691.2
23502.4
68.7
8.0
3864.2
6192.6
2341.9
917.7
3324.1
7372.8
1837.9
163.0
18936.1
16881.9
3372.3
2.5
1949.4
4647.8
1412.3
1501.2
5540.0
873.6
1927.0
5679.7
1220.0
25227.4
4003.0
3512.8
2673.0
559.2
32516.1
2454.3
709.6
2863.0
2518.9
3011.8
4664.9
1789.6
2879.4
1489.4
2102.9
3733.3
1079.8
14853.9
1157.6
6746.4
3605.1
6394.6
926.8
304.8
425.1
2122.2
1390.6
4778.2
3240.4
5996.6
306.0
94769.2
6369.3
10520.7
3635.7
1635.8
4081.5
10150.4
18.4
4657.8
3962.0
3256.6
1576.3
11581.1
882.2
1597.3
1697.2
12810.8
10.5
3344.2
4738.4
2045.0
6063.5
10963.0
833.2
2987.5
2466.2
68.7
258.3
6017.3
9415.2
1.8
3154.5
80957.3
1031.5
1583.8
2905.3
12157.4
5162.5
6590.9
1856.7
3720.2
2032.2
1468.7
2254.6
8432.1
65269.6
3748.1
5140.8
29225.7
6796.5
8419.3
1789.4
6020.7
4043.1
16667.8
428.0
6340.9
650.3
42310.6
916.7
1321.8
2870.8
2820.0
424.8
19543.1
4697.9
1949.4
165.8
18930.1
2567.5
2442.5
1407.9
15176.9
1364.3
1156.8
14.2
3179.9
486.7
3264.2
1753.9
2051.0
5514.8
1099.9
1871.0
6321.9
181.2
48227.2
123.0
2816.1
3959.5
14049.6
7052.8
539.8
1417.0
2634.5
476.8
10226.2
1856.1
693.5
96.8
1398.6
1864.1
1652.8
873.5
771.3
1015.5
3263.0
2765.6
11492.8
9707.2
17331.1
1130.7
9882.8
11143.3
1456.4
1925.6
3721.9
5763.6
2996.3
3673.0
1082.8
70.9
10842.4
573.6
3323.6
15434.0
12952.0
307.7
1692.9
21759.1
2391.4
2629.2
1388.6
934.0
8995.8
9120.8
375.6
3125.0
1621.7
2204.2
3179.1
5260.2
4207.2
2765.8
6948.8
5145.1
4305.0
1916.6
280.3
1175.1
1416.6
77448.7
7.4
3263.0
9602.0
5625.0
3254.4
890.5
36.7
539.7
13004.4
6451.3
17800.5
17039.5
5095.8
36818.3
3124.5
11585.1
562.8
930.9
21406.1
281.0
14875.8
849.6
4586.6
2254.4
5670.7
54092.2
10390.9
1098.3
1397.6
7573.3
4961.5
1358.8
4324.1
335.4
15938.4
7497.8
1851.4
980.7
3755.2
405.8
12915.4
1131.0
3373.1
7981.4
2690.6
409.9
1691.5
124.0
1718.0
1502.8
626.3
1776.5
6655.3
6893.7
3922.7
1102.9
1425.7
916.7
5323.5
3978.8
4104.5
7598.7
26459.3
2070.4
5174.0
14756.3
5705.3
94482.4
23457.2
14294.4
2408.6
1931.6
5446.0
1915.7
2329.4
2159.9
9213.2
2103.7
12927.6
2121.1
2464.7
2365.4
74546.3
6053.0
643.3
4.4
6136.7
1450.3
4517.6
855.4
1697.4
7755.0
1173.3
4658.7
68.4
2365.8
13378.6
210.0
3208.2
3936.6
8346.2
12471.0
10024.3
11570.0
1468.0
20909.4
336.4
3855.7
6083.2
1637.1
522.4
2606.6
1807.4
3725.0
1996.4
11645.2
5784.0
6083.4
4519.0
1489.5
30927.1
406.6
552.1
848.0
2781.6
869.8
4262.7
2160.1
1937.8
2331.3
3106.0
7676.1
959.9
2606.1
522.1
8961.5
9795.2
1540.0
6654.8
76.2
4899.2
10130.9
11362.9
4931.3
2862.6
372.3
2724.0
2914.9
5240.9
226.3
89.0
23432.8
6999.0
5475.6
2845.7
411.8
15179.1
1974.2
7181.0
4843.4
5145.7
1138.6
11116.2
847.5
1065.6
11586.4
9362.1
859.0
55.1
11494.4
3961.7
2277.7
11141.9
14651.4
4331.6
7981.7
7910.1
4149.8
672.4
27220.3
119045.5
3035.2
7063.1
3498.4
6155.8
415.5
425.2
4966.2
3373.1
23784.7
9117.6
316.1
243.4
1507.0
42593.7
3354.2
1268.2
3809.6
200.5
6848.7
1818.9
20260.0
3058.1
6591.9
1031.6
771.4
102.4
6894.1
665.1
1539.0
4589.7
7592.1
1042.0
36570.0
849.3
949.2
692.2
4853.4
6452.3
6656.9
7920.9
19.5
3706.2
696.1
859.6
3856.9
1153.6
697.4
4149.0
3595.3
4573.3
1716.8
30768.4
201.0
1791.0
3411.8
1814.9
3639.2
648.9
780.0
250.8
1482.7
12.0
10839.5
19535.2
16984.5
186.9
523.8
3891.5
6367.4
1835.7
420.8
293.7
14665.4
4828.5
12687.6
438.0
1131.8
27160.4
3815.3
5213.5
1489.3
13503.6
4535.0
1443.3
628.4
1157.2
1321.5
2045.0
2167.2
8157.0
60795.2
4778.1
3979.9
18662.6
1399.0
163.2
16986.9
94.7
1578.4
920.1
3392.8
7105.6
713.9
1292.4
12952.0
1300.8
11.9
17593.8
6719.5
1216.1
148.7
22356.6
5820.1
1980.4
78.0
4386.4
38128.7
2748.1
894.8
987.4
2268.6
842.2
407.4
1668.5
12346.2
614.1
13203.6
24874.6
523.0
2612.4
2254.2
4325.4
12464.8
201.4
13334.6
3616.1
29274.0
1561.1
232.2
1194.0
1292.0
18141.4
1073.8
2192.2
2134.0
20659.5
2424.3
833.1
3719.5
12156.5
770.2
20320.3
238.4
324.3
26176.6
15465.5
8603.0
20215.2
6562.4
7931.2
4088.2
1927.4
575.4
8048.8
60794.6
1554.3
1344.3
3411.8
2315.2
20439.5
12950.4
2443.1
35965.2
15179.2
5672.4
5144.0
124.8
6394.6
23133.7
16622.5
5596.7
3161.7
2569.3
4098.7
1684.9
12343.4
12915.0
1537.4
216.5
5493.9
5050.4
19.3
1482.9
4772.9
14668.4
75512.8
1034.0
4207.2
29191.3
305.0
649.9
374.7
2858.2
3913.3
2065.9
11012.9
31883.2
1864.2
26237.6
632.9
18126.5
17337.7
3960.4
6654.8
1892.0
3108.2
4445.6
1875.1
11873.7
26269.8
979.5
155.0
2066.5
20260.4
2712.4
14153.2
7180.4
7594.9
5494.4
14307.8
18102.4
5638.7
2144.6
3525.2
29608.2
9656.8
1200.3
5324.3
4927.3
1652.9
18798.9
2045.9
771.1
14653.8
203.8
508.8
1863.6
48029.8
870.8
991.9
9601.0
832.4
6183.0
2482.7
1392.5
753.3
3853.1
4457.3
110.3
5353.5
12919.2
1972.0
30439.0
2352.2
1585.0
26471.3
3136.5
15930.4
1041.6
1675.6
7052.6
2981.5
3263.0
10607.6
24782.5
1856.3
3552.4
479.9
2919.9
3719.4
3275.0
2120.3
6179.4
5163.0
7188.5
1338.9
3553.4
13509.0
1999.0
1662.1
25471.4
1482.9
95.4
1971.4
5922.6
4536.5
972.6
102.6
12816.5
972.0
5700.5
65475.6
17324.9
4206.3
6623.8
1971.2
1493.9
1670.9
1216.0
1156.6
4423.9
3596.4
5212.7
1825.9
2380.5
3783.2
102.3
4101.8
841.2
2204.8
8421.4
481.1
3308.4
3543.3
14351.0
3390.5
540.0
612.8
396.9
4887.7
1800.7
3881.4
4.0
74373.1
11585.1
3225.6
36798.6
1387.7
7586.8
15829.1
63.0
2897.6
707.3
15172.9
2160.4
2128.3
9166.8
4149.3
3462.3
1814.8
342862.1
2436.8
1619.1
3731.2
6488.0
3093.8
1695.0
1011.3
2152.0
6592.0
26205.0
25735.0
21731.8
2084.3
49734.6
148.6
1716.8
535.1
1837.5
2382.8
2896.2
280.4
9575.3
20850.0
3712.0
672.9
1441.8
7181.1
6446.3
1331.3
2278.4
1578.2
426.1
685.5
2141.8
1400.7
1070.6
416.5
251.9
5151.8
1266.8
2765.8
4968.0
771.0
521.5
5543.2
28010.4
522.5
898.5
1605.9
928.7
765.8
3746.4
1082.2
11682.2
626.7
20475.0
573.4
3961.1
6857.3
394.4
1269.2
152.5
3163.0
2671.8
17919.2
1213.6
2169.6
2499.6
1863.7
1175.6
1740.8
1331.3
15533.0
5108.9
1389.6
2205.9
5154.4
1432.0
818.4
177678.1
5889.3
1917.1
4184.0
1200.7
884.6
12982.8
1321.9
3935.6
16832.0
3427.6
6413.7
2622.5
35702.5
4104.0
3056.3
3551.8
3106.9
1268.0
5512.6
18128.2
1709.8
4447.7
1401.5
1299.4
75395.5
9816.7
1909.1
6844.5
2971.8
4902.8
1684.0
5178.8
9605.8
1035.5
4193.0
560.9
3011.0
4967.9
2467.5
3124.6
57487.6
3477.2
509.0
14146.8
4173.2
102.8
76.7
1909.7
2253.3
47913.0
6457.6
106.0
1810.0
534.7
13227.6
2234.3
9682.6
3234.5
102.6
2824.0
9568.4
274.7
1015.3
541.1
1799.4
1016.4
1299.4
6903.9
1090.0
6850.3
239.7
89.2
1971.8
4964.0
540.1
1697.4
730.6
2026.6
2765.8
1312.4
30872.0
2.3
1675.7
134.0
1524.0
6589.8
3053.3
1023.3
8600.2
4366.8
1786.3
1033.7
1927.2
254.2
19593.0
7176.1
2192.6
803.7
6909.4
4424.7
2323.7
1638.6
1199.1
2184.9
5279.9
2583.0
2051.5
7796.2
2242.2
3322.7
86.4
9093.5
12821.9
1451.0
119.0
2534.6
1121.8
3048.2
9681.2
1683.8
4824.1
1340.6
2342.7
1451.1
3352.1
3011.6
873.8
8919.0
1284.7
1442.9
10191.9
57084.5
1889.1
7939.9
165.8
690.0
3542.8
2981.0
1215.5
664.1
9342.3
4965.6
3870.9
2846.9
1270.5
1243.5
2245.2
3961.4
4930.5
20324.4
8220.2
9018.2
10964.4
16221.7
272.4
409.3
389.6
165.2
3412.3
3961.8
3413.7
2160.3
12822.7
1217.0
5761.1
5349.5
4518.6
7286.5
1405.2
1300.0
13202.1
1540.0
4321.7
805.0
847.5
6906.9
2009.3
1651.2
2299.4
32340.9
1468.0
15201.9
1787.8
1675.4
5165.0
227.3
7748.4
4405.6
27210.0
10607.9
3206.1
4300.8
4857.9
1864.3
8603.0
511.7
2342.6
29552.1
39894.8
1537.4
2288.1
4132.3
3604.8
2724.0
2538.5
2185.2
2207.3
3035.7
721.7
17756.5
3326.3
30392.2
1483.4
2045.4
30989.6
930.7
34443.9
2283.2
6020.0
1031.7
5324.9
1338.3
14665.0
1484.0
1662.3
1974.6
4004.2
315.7
9563.8
1510.3
24136.1
2361.5
1972.6
6590.3
21627.4
1790.2
2462.5
396.9
4299.7
13217.6
5910.2
10026.7
259.4
6600.0
5381.3
60990.6
10345.6
20486.3
449.3
4657.8
3636.0
935.6
2534.3
848.4
738.4
21679.3
1420.9
6195.7
8733.5
1618.6
101.9
6195.0
742.7
830.6
648.3
677.5
348.7
338.9
10984.3
8155.9
1105.7
999.6
1039.9
2032.6
415.6
17314.5
1889.4
6525.0
1244.7
8504.4
5927.8
196.5
5941.2
550.0
2279.2
2.5
884.9
420.7
13823.8
3543.0
11657.5
3720.9
1121.5
32495.6
2914.2
1033.3
4159.9
1001.9
1493.0
30474.6
1126.7
865.2
14731.1
3369.4
342.7
673.3
12332.6
1235.7
1869.0
3731.2
26186.6
688.5
6051.8
25291.6
2972.7
233.6
6740.7
106.0
7569.3
2519.3
5177.3
2670.7
7232.2
10982.3
1015.5
7049.7
425.8
2665.5
1467.3
1990.7
906.9
4378.6
60513.2
5973.2
469.6
22874.6
1607.7
4716.5
280.0
2653.6
4590.8
2439.9
1893.4
2125.3
2237.8
7909.5
1099.4
4355.2
854.2
1194.2
10842.2
3034.6
7296.6
99215.7
1685.4
13378.1
9553.8
3550.4
425.5
750.5
6022.8
306.9
4305.8
564.8
2879.0
4035.0
143.4
7843.8
88.8
42527.0
3135.0
200.2
579.9
20309.1
95234.0
116.2
4866.7
1075.9
6707.9
4614.6
5508.9
4424.8
13354.3
378.5
1776.9
4263.0
148.4
38843.6
951.0
972.7
5444.7
19561.6
187864.8
2103.7
13200.6
2319.7
7183.8
208.4
1864.5
1949.4
4302.3
4603.7
973.9
9456.9
2857.5
488.0
1365.5
1869.6
8346.9
1982.1
10543.2
3656.2
3551.8
8879.5
2565.4
5433.0
1470.6
26461.7
180.4
12952.0
2885.2
4840.2
4665.3
848.9
266.4
75638.5
988.3
2735.5
846.4
42037.4
6904.0
549.8
61204.3
242.4
17958.4
17899.6
8107.8
51224.8
2748.7
2342.7
3226.9
5474.1
548.9
2139.0
8663.8
19829.9
685.9
412.5
3702.6
4602.9
16832.0
8719.3
2735.6
427.3
1842.8
2748.8
4412.9
2310.6
2682.5
4387.6
15773.7
911.8
3425.2
1456.4
1265.4
565.4
4665.8
4447.4
4209.8
11350.8
3285.0
1716.0
7189.5
3488.0
1228.8
188.3
502.6
3512.8
2321.5
282.4
3656.3
3726.0
541.1
36798.6
5162.3
5503.5
613.7
1173.5
3374.3
316.1
2562.4
379.4
1638.0
192.0
2169.5
2387.8
2484.1
6486.0
3961.8
972.0
2013.9
5395.6
1105.6
841.0
522.6
10789.6
14731.2
9810.3
2802.3
3524.2
3299.6
1675.9
1172.5
1583.0
2678.2
12166.3
7682.0
449.0
427.3
6282.0
8657.0
3799.0
3606.4
163.9
452.5
5636.1
4258.8
23052.4
2458.2
5587.8
3749.6
1970.3
2415.3
134.1
783.2
11657.2
2537.1
550.8
4801.5
522.3
1317.0
6486.0
4517.6
1997.1
1675.0
2870.4
1546.6
3263.0
1860.6
509.6
1175.6
6636.4
971.1
528.7
5025.4
873.0
1138.7
1490.1
8875.9
1159.6
3566.8
2325.1
13005.6
21734.4
12466.5
8160.6
1052.4
4089.2
2202.0
3207.9
28811.1
5492.6
3225.9
3024.4
2076.3
410.8
3308.9
327.0
2727.0
39.7
9704.7
4433.7
408.0
1090.0
5111.9
1327.7
3962.2
53334.4
5237.7
1978.2
3490.2
2468.4
2472.5
2143.1
26217.4
6660.5
5397.1
256.0
2167.3
480.7
2261.7
66.2
242.5
841.2
2184.6
1104.8
1155.5
85014.1
643.0
3177.1
5575.6
2720.2
4358.5
163.1
2291.6
14947.6
4993.3
2779.9
10974.6
478.9
1685.5
11458.3
1249.8
52988.5
4386.3
1235.1
231.5
42415.2
6325.2
61099.8
368.6
952.2
3982.6
3242.0
6414.1
337.3
6989.3
4800.4
3594.0
12064.0
1688.7
1974.0
78.0
3720.3
3460.4
728.6
9207.1
1510.0
4152.2
1299.2
297.5
4321.3
4386.3
2780.4
4101.1
2159.1
2589.3
3637.7
256.0
7057.2
1634.7
5758.6
3708.1
13358.1
926.4
7911.0
7452.2
2827.0
1134.6
4664.4
650.6
17020.7
76.5
3980.6
1851.6
3011.2
2472.6
12683.8
1523.0
3662.4
1807.7
803.5
6345.0
1605.9
881.3
1823.3
11139.2
4899.4
38532.3
8355.5
3426.8
6955.6
18147.8
4035.0
2781.0
4985.9
1807.6
1075.3
13506.5
424.8
37901.4
4003.4
5813.5
1401.4
3749.9
2259.4
3113.2
4388.4
871.0
6452.3
7933.7
420.8
1331.3
3871.0
4064.0
24.7
16980.1
7674.0
74310.9
20972.7
1894.0
1194.0
1684.6
1401.2
18948.6
148.6
329.8
3523.4
335.2
1260.1
6079.7
19302.0
1186.2
13038.5
4650.6
2774.7
1300.8
7051.1
4931.9
3131.5
3017.5
2599.2
1884.1
1411.0
4326.0
1307.6
4299.1
1926.8
2858.9
1220.9
2076.6
3810.5
13506.5
188.5
8662.2
1411.5
651.0
2152.1
4260.0
2391.8
108411.3
31009.8
5469.3
920.6
2672.7
990.6
1484.7
8691.1
451.2
4192.2
1493.0
1110.0
4970.0
4050.2
1697.9
3032.3
523.4
3391.5
38559.3
7222.0
275.7
57704.3
26235.6
746.8
147.4
6320.1
6174.3
1634.7
282.6
608.4
3411.9
24.8
1138.8
3807.9
770.3
1857.0
486.5
3263.4
1949.4
4825.6
3392.3
1508.2
1507.4
1564.0
6155.1
4121.4
771.4
13129.9
716.6
640.2
9354.5
1185.1
8659.1
12952.0
2014.1
4120.1
11489.8
7473.5
24212.7
685.9
5167.2
16426.7
7192.9
3539.5
24578.5
803.2
5815.0
273.3
2237.9
14613.6
1891.9
20443.6
4489.0
22372.7
51002.4
24886.0
17318.7
2.2
2193.4
1841.4
739.0
1470.5
1972.0
5408.4
2243.5
2499.6
40.5
1287.0
34585.0
17592.8
561.3
3308.7
2363.4
1619.4
352.6
2053.8
3553.6
4614.6
1194.0
3439.8
6654.5
11575.8
32.9
20214.8
3309.5
8352.1
1933.0
2568.9
9811.9
4469.1
392.7
7581.4
2103.4
6790.8
9660.4
4241.1
5514.8
5525.8
4503.0
6199.0
336.4
1001.7
4814.4
122264.6
918.9
88.6
2748.3
3434.3
3595.3
42332.4
541.1
100554.9
3030.7
11370.1
163.0
17306.4
991.9
868.0
14546.8
1641.9
1171.7
7675.6
1328.3
407.7
865.3
25427.0
8351.3
10018.5
2160.4
3489.0
33.4
1513.2
20806.8
662.6
1814.2
3988.5
959.1
6709.5
2414.4
9095.0
2223.1
36936.5
24751.8
3015.6
216.7
7232.0
26208.8
280962.1
3673.3
1292.3
1740.2
1428.0
5814.5
831.8
2748.7
929.1
397.5
7296.2
919.9
2567.9
671.7
306.0
50872.3
5326.4
8541.2
10.9
324.4
1015.8
4406.8
3922.1
824.8
3512.6
12811.6
1851.5
1171.9
2720.6
5143.4
2736.0
4614.7
7189.8
14496.4
7106.0
46130.7
5921.4
23411.2
1500.7
243.8
1200.2
6183.0
4385.6
2014.9
18748.0
7493.3
12113.0
2315.0
1856.0
15149.5
5349.5
1450.0
2001.6
4658.2
30481.5
3391.4
579.7
936.6
4824.3
1637.0
943.6
6655.0
12942.0
3.0
1857.0
2045.4
257.2
1212.4
11363.2
4020.3
11585.7
1184.7
208.7
296.7
208.9
210.0
4563.3
896.1
14.4
1306.6
1551.2
415.6
1524.0
3135.2
970.6
826.5
4231.6
2562.8
36.2
365.3
7409.7
2020.8
17909.6
4654.6
240.1
4185.3
10591.5
612.7
5162.4
4407.0
770.7
2846.5
3187.4
1978.7
2567.8
198.1
627.7
6326.3
2748.5
4842.8
608.0
2362.3
2537.5
765.5
10848.1
959.5
4853.3
1347.2
7910.6
6638.6
15164.7
22557.9
2886.2
717.0
27123.0
2964.2
97106.8
241.0
4738.2
7935.8
8734.0
77667.5
2449.7
682.4
4769.7
44780.9
3595.7
1450.0
189.0
6687.1
2505.7
189.2
1347.6
4099.1
5275.2
4042.9
3136.7
4223.2
205.0
1096.1
33229.5
3314.1
1637.0
4025.3
20570.6
1391.1
713.3
1283.1
651.0
2534.3
16837.0
2411.6
4103.8
163.2
21403.1
1260.6
3566.4
2128.6
279.9
4182.1
298.2
1577.5
991.4
1300.8
6637.2
1980.2
1684.1
29672.1
3427.9
416.3
884.2
295.5
1642.5
10185.6
3206.6
3149.2
2278.8
7164.9
2299.7
50422.0
722.5
486.8
1697.5
1552.6
2904.5
6860.2
11856.3
1441.3
4911.9
981.5
365.1
614.1
180.6
2110.7
12931.8
2907.4
1513.4
1249.7
3113.0
917.6
258.9
1637.0
1011.9
2037.0
11477.5
352.5
72596.2
20662.2
2621.3
1851.1
1321.3
1200.3
8969.5
466.9
16809.3
4379.4
424.7
3616.5
2267.0
5641.4
1489.8
9801.8
4965.6
614.1
280.9
2814.1
19571.3
3302.4
27203.8
3088.7
8088.0
6323.3
2120.0
16868.3
1583.0
2981.1
11138.2
1198.9
163.0
200.5
5473.2
2351.2
10121.7
48070.9
441.8
963.7
8183.8
2392.2
3153.5
1291.5
4502.7
5429.0
32556.0
13516.3
616.3
2320.1
279.9
3490.1
3308.5
38946.0
1632.9
980.0
502.3
60.2
528.9
1524.3
549.1
12698.3
2391.4
1127.3
394.4
6513.5
3264.5
1768.6
2169.9
22953.6
5113.0
3053.4
134.0
24398.2
2906.3
4488.5
2102.2
2084.9
57097.3
783.1
32399.9
4240.0
3751.8
18244.3
1938.2
123.0
52.0
1685.5
16989.5
3274.1
1073.4
2184.1
2086.1
991.9
1449.9
9601.1
32500.8
3961.7
6411.2
1676.4
1971.7
1634.7
7991.8
540.2
6367.9
689.3
14402.0
5199.0
1809.1
1986.0
2835.5
1279.2
4658.4
3113.3
1810.1
1836.8
3868.8
1145.2
2568.4
57084.5
18932.9
242.5
45584.9
1455.6
3432.1
2500.0
1987.3
5938.3
4239.4
539.8
78.8
757.3
3206.6
1927.1
1249.3
958.4
5234.0
5187.4
10855.7
5322.6
6505.9
15248.1
1499.2
6624.7
355.0
4017.0
219.5
2628.5
6712.5
2202.2
4657.8
3123.5
663.0
2478.0
4210.5
4172.1
327.2
1425.5
1859.7
119.3
52.2
2813.3
1974.0
3134.1
7670.7
690.6
9000.8
11578.1
3264.2
15223.0
435.6
6450.5
1789.0
7911.0
3135.0
7068.8
2095.9
18129.8
1938.0
21176.3
2583.9
17606.0
4750.8
5393.2
2321.2
5527.8
35.9
2567.4
4589.2
17909.6
2159.1
2748.6
4964.1
9346.1
930.7
4910.8
1943.5
2014.1
4827.1
1676.1
793.6
5029.5
7280.1
1031.1
3524.5
2111.0
943.3
6894.1
7726.2
788.9
6137.0
5004.1
753.0
4967.0
2562.0
574.7
3747.6
13215.3
3962.0
4964.6
1766.2
756.7
4919.6
1287.0
2986.8
1279.7
3987.3
9299.6
379.1
5324.1
1926.7
5211.9
1717.0
2443.4
13138.7
1078.8
831.6
4367.0
960.2
3724.6
180.3
2222.2
3372.9
26993.5
3814.3
573.3
213.9
22357.8
13216.3
68.4
3725.1
696.0
19319.7
3178.3
4182.0
5540.6
1783.7
1493.9
18927.1
7467.3
2265.9
3433.6
2749.1
1212.2
8362.7
13384.4
1693.0
1001.5
1338.7
14046.4
13835.9
4673.5
3105.6
968.9
2281.5
1722.8
574.0
562.5
4865.7
2656.9
1741.3
5670.1
342.2
742.3
39784.9
2471.5
8604.6
1684.1
771.3
1294.7
238.3
3674.9
696.7
3614.7
89.1
3087.3
36597.4
1194.9
11013.9
2558.4
10842.6
1378.1
928.4
165.3
65.3
522.6
4003.4
641.9
4657.9
324.1
10344.8
936.8
2009.9
2467.0
2142.8
19642.3
20318.0
4559.2
88.4
4206.8
16809.9
777.2
3604.1
4800.4
5193.1
8659.7
214.0
55.0
1003.9
5198.8
7749.0
11015.8
4562.8
4751.4
340.4
6283.3
660.6
2169.2
5407.5
6590.9
7176.3
2897.6
6634.7
5289.0
1884.1
9451.6
7734.4
6125.5
1618.4
6850.3
3181.8
114.8
13489.0
549.6
1856.2
8866.0
5796.5
628.2
26210.6
1721.5
538.5
437.0
3416.2
266.7
786.6
11204.1
4184.6
1891.7
53435.5
296.7
42759.8
307.2
1032.6
1909.7
1972.0
1401.8
1299.2
2440.5
6991.4
210.0
1699.4
1169.3
61204.6
5447.5
1194.1
1279.9
5382.7
78.2
19309.5
4780.2
22349.0
5547.1
3291.0
16622.4
232.5
96.2
6892.0
2126.6
14495.3
18582.0
3177.2
4034.2
2138.4
5477.5
1735.1
30352.9
2497.2
698.2
26215.0
1941.5
1807.2
1143.7
3210.4
2.6
2763.0
2655.0
19873.3
5111.8
806.1
2932.4
121753.9
188.1
3913.4
6506.5
7823.4
1482.9
123.0
1770.3
305.0
967.0
383.9
4171.6
4964.7
771.1
14417.9
336.4
6942.7
5326.3
237.8
10333.0
280.2
2329.8
2143.6
5031.1
5806.1
4304.8
3755.4
71.6
2719.5
12921.0
1577.6
2103.7
8657.0
6055.4
3605.7
1524.0
4588.0
1890.1
2057.1
11367.0
1330.5
5575.1
16624.9
16207.7
3296.0
158.2
27148.8
1300.6
1856.9
7466.3
1321.8
65.9
86.9
750.4
3513.0
324.4
3784.6
26257.2
1390.0
1292.3
49570.2
4757.7
2266.3
890.9
1896.6
559.2
4435.0
15554.0
690.5
3718.2
1116.7
4119.7
642.2
3206.9
920.5
1501.0
1754.0
416.0
709.9
134.2
2886.0
3545.1
2321.3
8487.2
2683.8
1927.1
1633.6
7398.0
425.0
11584.6
4871.6
394.0
519.3
2191.2
296.6
2440.4
2056.2
232.3
4291.3
8595.4
761.0
3914.0
7839.4
49.2
731.3
58.5
4435.2
4064.7
4159.1
3269.3
1155.9
2752.3
35869.2
7729.3
2572.7
3322.8
960.5
3427.6
1244.0
2450.0
8068.4
608.4
4185.2
30687.3
714.5
1433.1
2708.0
1317.7
1430.9
1466.6
354.4
3010.6
427.3
2685.8
13219.1
672.0
189.2
886.0
12.6
73118.0
2237.6
1685.2
6627.4
4088.3
4117.2
4017.3
2766.7
1003.6
20266.7
4099.6
3372.2
1032.8
2673.9
9798.2
521.7
2995.1
1421.2
363.3
1528.2
1082.7
118.4
2691.7
881.0
540.0
18347.2
2323.7
12.0
1187.8
7746.4
2485.0
2817.0
75686.0
534.4
37422.8
12942.0
20163.4
2685.5
5239.9
8160.5
29825.3
8663.0
95.2
121858.0
21997.5
239.8
27202.7
345.2
78.1
242.6
3299.7
158.1
24209.8
5784.8
3204.5
714.5
2835.6
51160.7
3612.8
11491.3
18634.7
5888.8
3936.6
68.7
917.5
42463.8
8972.8
7098.1
4903.4
2104.1
561.1
122.5
2018.6
8328.7
566775.9
7832.4
1859.7
28697.0
6992.3
7736.1
2863.4
2565.1
12466.5
205.0
3635.0
567.3
1333.3
572.0
8521.1
180.5
5321.5
13227.6
7742.9
23110.2
2.0
19125.6
1331.0
1806.6
2135.5
771.3
17327.2
4965.2
356.0
632.9
689.3
1869.0
5541.3
650.9
2655.9
1001.4
3496.1
1855.7
1989.9
1245.0
45760.0
189.0
11350.8
2327.5
96.7
689.3
2676.5
848.3
3154.7
3113.9
3945.4
2500.0
1039.6
2205.6
2443.6
3163.5
580.8
10538.8
4761.5
4387.9
2123.0
229.0
5384.4
7141.7
2160.9
2734.7
1844.5
951.8
6709.2
229.3
5607.1
3030.0
102.6
3913.5
12688.4
560.6
1001.5
4330.0
8490.9
1411.4
97555.9
14806.6
2869.1
753.7
849.5
1698.0
167.3
51.1
2014.8
3262.4
7446.2
2813.6
2931.0
1441.7
18713.9
1467.2
10012.6
1907.4
38553.6
2145.5
779.8
7837.3
3373.2
1386.6
3392.7
7730.7
7575.2
13796.5
960.0
2586.1
2042.3
3572.7
8491.1
4328.4
753.2
3269.3
5447.4
1347.2
9400.7
6237.9
5446.8
197.4
7111.9
2026.5
661.0
8347.5
799.0
7471.6
869.9
881.3
2037.1
2157.7
611.9
36604.1
133.9
3818.2
3693.4
730.6
3961.7
1032.6
387.5
1932.4
4354.7
5322.7
94.5
1836.6
1507.0
6591.8
17918.0
3373.0
252.0
5404.9
5234.2
10841.1
4489.3
1836.9
85634.1
482.7
1927.0
1601.2
3795.9
152633.5
2217.3
1400.3
6232.8
16836.8
4614.2
251.8
2045.0
14.9
6849.1
2748.3
5325.6
5474.4
2956.7
3263.0
963.7
1455.1
280.8
4561.0
1279.1
6655.7
86.8
5174.8
3662.2
7401.5
2818.8
1596.1
3999.4
13.8
119556.2
2736.0
5472.0
1102.8
155.0
216.2
988.3
2674.5
102.2
4022.1
1289.2
666.1
126.3
2936.4
95.4
17350.0
9524.2
394.5
2464.1
2946.0
2537.9
982.5
9814.9
1110.9
21741.9
5388.7
3690.3
6194.3
2159.2
1971.7
4842.0
650.7
991.9
19949.7
12336.6
1817.8
348.7
51.9
3134.5
109.2
1352.9
2617.5
1771.3
161172.1
1240.0
51.9
6478.6
4616.6
163.0
8626.8
365.2
427.5
6504.6
1941.1
600657.8
6487.3
780.8
4238.1
459.8
3492.0
1004.6
8970.3
8701.3
14068.9
724.1
5898.9
2490.0
642.8
834.5
2412.0
10519.1
7106.5
152414.0
37502.6
1602.6
3031.6
2538.2
5262.5
409.2
11.1
3299.3
14612.4
18948.4
1095.1
1807.0
2916.7
5962.4
1933.0
4323.4
7747.3
2804.8
100173.3
307.1
539.9
5758.8
2438.9
855.4
1169.1
6499.8
5941.9
562.9
1228.8
1198.1
1662.0
2085.3
7598.2
1785.9
1982.1
26182.2
3135.2
5414.6
9663.0
3943.4
663.5
2364.2
4557.6
2094.1
2868.5
378.1
3612.9
3671.5
2713.0
55.0
2518.9
14708.5
189.4
4798.8
20324.9
51203.3
351.9
3610.6
2994.6
13516.3
5152.6
3962.4
2343.1
279.8
5570.3
4469.4
1551.3
243.7
19290.5
263.9
1788.0
24867.9
4185.2
5167.8
1469.1
358.4
7941.4
3050.5
2135.3
277.1
1333.2
12958.6
4273.2
2567.1
214.0
10522.7
12239.4
1493.9
1425.8
9877.1
1033.1
9514.0
12993.0
5924.2
6450.3
3264.5
2881.2
9592.8
6282.7
2282.1
8219.2
1975.1
6590.9
2816.5
4898.3
562.4
686.0
2345.5
479.4
1039.9
4799.4
3921.3
1300.6
14534.4
2331.5
1926.7
1468.2
14951.6
1869.1
44776.0
365.0
1975.6
14416.8
2632.7
633.0
1510.3
4884.5
108.2
4929.1
3134.5
4016.0
573.7
42519.4
5212.6
6894.1
2895.1
3704.3
1388.5
351.7
1685.0
8529.5
1134.2
12817.0
1856.9
191.9
1895.6
650.4
613.5
920.8
2550.6
108.3
12257.5
3926.1
2659.4
4380.0
3372.8
3113.4
1784.4
5048.6
2128.9
1729.6
5175.1
241.7
3673.3
99833.4
5393.2
561.2
4120.4
388.4
3112.8
5145.0
1233.9
6590.8
2014.8
1044.6
3597.2
2932.8
2684.7
192.1
4085.2
5260.9
1492.9
2568.5
1927.3
663.5
4991.0
3914.1
29585.6
5395.9
6862.2
342.8
31799.4
20257.5
12988.0
3725.7
117.5
9665.9
1132.3
1914.8
364.9
4645.6
8622.7
45603.7
1442.0
9877.1
255.4
2857.6
338.7
49661.8
52633.1
884.9
1193.9
10344.4
4665.5
4970.0
2484.7
650.8
771.5
3325.1
15249.2
55.5
82737.5
2683.8
2084.0
243.6
7618.2
12348.2
85182.8
295.0
10979.5
48.0
917.1
39.6
4735.0
7037.7
1083.1
4215.9
3937.1
1843.5
3371.1
2450.0
4969.7
5413.0
5167.6
5212.7
1510.4
5812.1
12234.5
4173.4
3334.4
1425.5
47.1
1600.9
239.8
25.1
97344.4
847.4
3153.5
1082.8
10961.2
1851.1
3431.6
4319.8
5784.1
95.9
874.4
4182.8
22344.0
3654.4
2921.9
4854.5
6247.8
1176.9
394.5
12689.8
1212.1
30783.4
3177.8
1676.8
8482.5
5360.3
3902.1
4387.3
6280.8
10125.5
13863.2
3323.0
3206.4
1294.4
9114.0
48235.4
9666.4
32449.7
1301.0
9514.5
726.0
1900.1
5327.5
17916.0
6715.7
4605.1
6324.4
5807.5
24766.0
1981.9
345.7
1538.2
210.5
3392.2
1441.5
4841.9
3226.0
15159.9
4.0
242.5
182.0
7163.1
725.9
19578.6
561.3
1220.0
1524.4
4120.4
17909.2
5115.1
13082.7
3743.6
11204.2
1441.9
15245.1
6051.8
4192.4
157117.4
4802.2
780.0
2105.9
372.1
2760.2
4519.0
999.4
1469.8
4480.8
626.2
6085.5
7683.9
8717.9
35751.6
89.3
23151.6
1697.5
3180.5
6738.2
5072.8
5216.5
577.0
13389.3
1198.9
2204.0
2008.4
7807.0
95151.1
2758.8
35947.9
3325.4
6708.2
5053.2
102.4
7033.3
2237.2
5045.9
1746.0
209.7
16212.8
974.6
5576.7
1684.2
2862.0
4816.0
1219.1
1716.8
4970.0
1768.6
3704.4
1845.9
1061.0
1643.5
6435.5
1637.7
8719.3
3536.5
5953.7
2023.7
6945.6
213.9
5967.8
7525.4
61100.7
6635.1
1931.9
2051.4
1199.3
15228.5
4160.3
3129.3
2206.9
10545.4
214.2
6515.1
501.6
2342.9
3989.3
1926.9
2361.8
3925.9
1545.0
480.3
641.9
415.6
196.8
1220.1
1675.7
538.6
324.0
286.2
5393.4
143.5
1386.8
1981.1
155.1
1469.8
1400.1
42421.8
859.6
3199.1
106.0
14.5
867.0
2981.6
11658.4
3746.4
2056.2
1002.4
1053.2
470.7
2971.7
604.3
3122.7
649.8
4713.4
216.1
1409.0
17.5
3372.4
87.6
1694.0
3105.1
688.7
3501.0
20840.6
4963.5
1289.7
1807.2
6509.1
1408.0
14351.0
7245.4
4148.3
5234.6
1042.2
2014.6
3753.0
1670.7
2880.2
4102.0
623.2
16220.6
51033.6
1137.7
416.3
4184.9
2242.6
1847.0
991.8
3467.3
716.8
1450.0
34224.6
9517.7
598.0
24785.7
2562.8
165.1
5324.9
1125.0
3208.2
2536.0
276.9
522.0
3908.4
1023.4
3520.0
57279.7
3671.5
3990.0
2313.1
2709.9
9902.3
19799.6
6654.7
20291.4
1249.7
20516.0
3539.6
1659.5
10808.5
180.0
3154.6
152.2
8429.0
3718.8
1799.3
2266.8
8164.1
6987.4
95.1
6321.7
1441.1
12961.2
18948.4
1513.6
969.4
3154.6
2382.2
1468.2
3325.7
2749.9
523.2
17328.0
4871.1
4885.8
604.1
5825.0
590.3
10338.3
973.5
1099.1
1941.3
224339.1
522.7
343.2
3524.2
19310.9
14672.6
11355.4
271.6
1719.8
1089.3
714.1
7507.4
1468.9
43653.1
484.5
396.7
1294.0
1062.9
1182.4
28056.4
284997.0
3543.0
3749.2
6341.1
928.3
27172.5
16832.0
877.6
13396.5
237.9
3540.1
573.7
17921.4
1073.7
4017.3
724.3
4518.6
204.7
3205.1
9400.2
2713.0
4151.6
867.2
46187.3
3753.2
12991.3
6053.0
898.5
375.7
7232.0
3253.6
1697.9
6344.1
1212.3
209.9
30989.8
920.5
1321.7
8827.2
411.8
575.0
528.6
2863.3
127775.1
1873.6
2342.9
1103.2
24.9
1711.7
73126.4
5210.9
1466.4
3120.5
1.6
2020.8
8356.0
189.3
1203.5
629.1
368.4
10416.1
19572.0
2152.1
2720.0
860.0
2905.3
730.0
58.4
819.7
5115.2
35746.9
3176.7
2603.8
63.0
5356.8
1974.4
9518.2
280.9
2669.7
13.2
14727.3
1259.7
1202.8
12690.2
6450.0
5145.6
2724.0
2411.9
4962.1
36897.1
3523.7
6025.9
4458.3
76.6
1242.0
2086.2
4697.1
24771.0
14752.5
1076.5
12626.3
539.9
2877.0
4387.2
3426.5
10514.8
1807.8
1694.0
1131.4
5214.3
3543.0
4898.2
5156.3
32403.9
5153.2
14996.7
14353.4
393.8
6655.1
2464.0
4101.9
5478.5
30824.1
2260.1
2392.2
2870.4
19127.2
162.9
3869.7
68.4
1524.0
163.0
64973.0
5801.2
336.4
47953.3
215.9
3105.1
62.1
6513.6
2438.6
1810.5
282.4
2146.1
859.2
522.7
4305.1
3753.5
3477.9
5543.5
859.6
8518.8
896.4
256.9
3022.4
1524.0
5113.3
1523.2
4241.8
12634.1
2450.5
1138.9
1851.0
749.9
789.0
26975.7
6196.1
2350.9
2760.3
76.2
213.9
8161.5
3961.4
5543.0
12255.5
1483.9
7934.2
26.5
4050.0
18143.6
163.0
108.4
1216.5
1585.8
1863.4
2752.2
5914.1
427.7
5094.3
3604.2
3862.9
28037.3
2190.8
69.1
2065.4
7186.0
1035.3
59.8
7277.5
12686.6
4185.4
5188.0
4405.1
2320.7
3900.8
5348.3
22011.8
4016.3
4042.0
3108.0
68.1
1988.5
2728.2
2587.2
714.0
38427.4
1982.3
1506.9
586.4
280.6
1270.5
2126.9
4363.7
1915.5
5050.9
3264.2
61397.0
2634.9
4441.6
890.6
598.0
1137.9
12685.6
1863.1
1031.5
47.6
560.7
5784.0
4623.9
42051.6
3568.3
1004.4
76.0
2764.6
2054.0
1203.0
3178.3
155158.0
99215.7
5713.9
18377.3
7577.0
42759.8
501.1
2015.1
2410.6
409.2
2858.2
3134.5
4022.7
4260.3
3722.2
4814.9
2146.0
2617.6
19930.0
9572.3
272.7
45681.1
9007.3
6321.0
1001.5
1799.9
535.2
3616.1
5712.0
974.3
2955.2
88.4
95.8
1338.8
1998.6
865.7
5328.2
1697.7
12616.0
3242.2
750.2
2152.3
6802.3
4388.3
991.2
12358.0
1198.9
2501.1
3811.2
2482.8
19297.6
6446.7
2236.8
777.9
15249.9
4498.7
1279.8
8871.8
20162.9
738.6
616.6
2362.0
1455.5
677.3
409.0
1280.2
19916.3
528.9
916.1
1428.3
4750.9
4403.3
3323.7
709.6
3208.2
62927.5
1524.0
5175.5
15239.4
1807.8
2235.8
4517.6
665.1
628.9
14.3
1638.0
854.2
5953.1
1982.3
1925.0
580.3
3433.4
1073.3
5640.3
2051.0
9973.1
208.8
599.8
2009.9
2274.0
5231.5
6732.9
485.5
3047.6
368.6
30989.8
3433.6
981.3
3672.1
2411.7
3910.6
4609.4
51759.0
7232.9
2915.6
12816.0
7701.9
1540.6
4223.4
9842.8
154582.0
3689.8
65283.5
1158.2
3962.4
7518.9
949.0
38033.3
2980.1
991.2
5541.3
7284.7
2728.3
6435.3
8605.2
1292.1
4483.1
2134.4
1245.3
1949.8
1317.0
911.6
163.0
982.3
6656.7
8938.3
5512.3
412.0
134.0
868.8
6578.3
122299.3
1940.9
14.1
1441.8
1411.0
3154.3
1634.9
20323.2
83370.9
16429.4
1411.5
12.2
1171.7
1999.2
20296.6
180.7
298.8
791.7
1622.4
1750.3
12620.7
1697.9
3392.0
3921.3
1835.9
4104.3
575.0
11577.8
928.7
2380.5
2383.0
42504.6
11.9
96789.0
3720.6
2152.1
979.2
354.2
1321.2
883.3
1328.8
5506.7
1638.6
78.6
9651.9
18687.2
4583.6
1427.9
10362.2
361.5
97110.5
20841.1
501.6
1216.3
1926.8
2463.4
693.3
6658.7
38071.0
10224.7
5511.8
5392.5
3871.7
62688.3
3871.8
1290.0
4861.9
163.9
641.8
3180.0
9709.4
68.4
71.0
49542.8
18305.0
2738.0
6991.7
24748.7
2616.1
4240.2
2066.3
884.2
4385.9
3690.9
1483.1
258.3
1313.0
6344.2
991.3
8412.2
1285.9
1138.1
2720.4
2594.1
871.0
346.3
2520.3
5029.3
3871.4
122.5
4697.9
18427.5
3208.6
11018.3
2737.6
780.0
1778.6
1280.3
6016.7
19921.9
10647.2
4696.1
6628.5
960.1
3172.3
60072.2
17778.6
1456.4
1863.6
3670.3
1284.3
3254.5
434.8
689.0
588.0
15435.0
49661.8
663.1
2237.4
5528.0
11678.9
1358.0
11371.7
27070.2
2552.4
78.2
26171.0
4843.4
14975.4
549.2
39452.9
1261.7
7020.8
4990.8
979.9
3725.9
9734.8
14645.6
566.1
4354.9
78.8
1499.9
4605.7
4556.3
1684.0
453.1
18798.9
29983.5
108.6
32398.2
8891.0
1506.8
4562.2
6117.9
685.9
8551.6
739.0
34.1
2653.5
7504.6
1523.0
34505.2
9847.3
2728.2
364.9
47633.0
2994.7
4557.8
334.6
420.7
3208.1
4452.8
6279.3
7421.0
79.2
1268.4
133.3
10344.8
10642.2
5796.9
680.3
280.0
1138.7
8513.1
3046.0
3120.8
2858.9
336.4
1266.7
2015.4
1545.8
60886.4
2727.7
1799.1
1105.8
1059.2
2683.2
2009.2
1870.9
730.1
9662.0
3051.5
8958.8
1364.4
4882.5
1684.7
209.7
30989.0
6196.6
2020.0
35790.5
2254.0
725.1
12153.4
6708.9
1213.3
6328.5
1016.2
4913.2
5287.4
166.8
5240.9
4883.5
1138.5
780.0
4223.0
1078.2
8164.3
885.9
4505.8
30047.9
227.0
1001.5
60335.6
1213.6
62.8
4390.2
7392.3
14376.7
10800.8
7921.7
153.3
1838.7
921.0
13825.8
2.2
1213.5
731.3
2211.6
1013.0
1250.4
18149.0
2933.7
1476.1
963.9
122334.0
1261.1
949.4
2862.8
959.9
64668.4
2462.1
4659.6
2352.9
5499.5
11881.0
6023.0
1172.4
1546.6
818.0
4519.0
51170.0
521.9
2738.6
34316.2
2254.1
2223.8
3927.2
649.8
12159.4
1620.6
4962.9
409.2
4585.0
336.0
833.8
412.0
2085.5
7618.8
1282.6
3369.8
2126.3
3753.1
286.2
29867.2
1202.7
3499.3
4611.2
6794.2
1750.0
2455.3
3254.4
1784.6
697.8
4699.0
19611.6
256.0
59.7
6556.9
1002.1
4190.5
4825.9
256.4
729.3
1169.2
1203.3
681.4
11013.3
4990.6
7937.1
2417.1
926.4
38776.8
1229.9
453.5
4489.6
3726.2
11.9
2655.8
364.6
4243.5
253.3
3232.1
2499.6
2881.9
227.0
7603.9
4288.8
4352.7
873.7
4242.9
7736.1
2802.5
7412.4
832.0
14621.4
15188.1
1332.8
4862.2
6020.9
1811.0
9181.6
2552.4
7672.8
2056.3
3.1
426.9
1411.6
574.4
8504.7
3416.1
316.1
1659.7
27152.9
777.5
228.5
12357.0
2267.9
3427.6
8.0
4173.3
1890.1
4968.2
161.3
53389.7
4490.5
9598.4
4034.2
11493.9
1321.7
2152.0
9292.0
23056.0
2254.1
3568.3
580.0
5356.5
8962.6
822.9
15224.6
1408.0
1377.2
2331.3
2167.5
981.7
1309.2
409.7
13798.6
1067.2
1387.0
1135.7
3312.2
1975.2
11464.6
3412.0
725.0
978.6
8066.5
4086.7
9798.1
26469.6
6251.3
1157.9
23109.1
9726.8
4088.0
343.0
6637.6
1121.7
6658.6
4003.0
11173.7
5325.3
486.7
1497.4
2060.7
11586.0
4131.9
10018.5
3463.5
295.4
208970.4
89.1
1465.2
274.7
2014.0
242.2
4240.9
3263.0
4302.7
1870.1
163.0
4446.4
1241.1
1186.2
12946.2
2329.3
200.2
415.0
4214.1
4557.6
1340.0
12248.7
991.3
4145.0
4102.8
51433.1
16424.0
1605.3
54139.2
3495.7
5189.4
988.5
6636.0
3323.7
9393.5
32.7
19954.1
22937.6
8973.5
1975.7
1974.0
4244.6
416.3
2894.5
1132.0
6856.2
11573.5
3730.8
48161.8
5199.6
133.4
14652.6
26234.3
24525.4
996.0
3544.3
725.9
1079.7
2234.9
45609.0
166.8
1206.2
3545.0
7466.0
5683.2
216.9
8108.2
906.7
6844.6
5526.1
2236.5
894.7
1259.8
164.0
14763.9
690.6
5784.3
709.6
480.8
306.1
3902.6
4085.9
2169.7
387.9
19580.5
6863.7
1926.8
5350.7
12385.5
66.0
681.8
837831.1
32447.8
5216.4
501.8
2044.7
771.5
2467.5
4842.1
5327.9
1489.9
4697.3
1927.2
23563.3
12249.7
102.0
2749.9
2068.3
5784.0
4151.1
24726.3
2450.5
18938.0
632.8
2287.1
6054.7
1321.6
4641.8
2281.5
355.8
1600.2
1539.3
7911.7
9512.1
981.8
865.3
1143.4
1692.0
3034.7
4616.2
3035.7
1194.1
6024.3
5231.5
210.1
696.6
5197.9
74152.4
11142.4
1292.3
1675.7
4507.0
10836.4
1585.4
4913.2
11859.2
1513.0
8717.9
6654.7
267.1
14031.7
3171.9
1046.4
1658.9
14019.2
626.2
365.3
3946.6
14409.7
369.0
5472.7
3962.8
70.5
1698.0
192178.6
5589.2
2160.9
122.5
5835.9
1604.5
32500.8
65192.9
7053.6
1416.4
1972.0
9649.1
20789.0
2144.1
2765.8
3540.8
3307.0
1546.2
2118.0
1576.7
2568.9
4151.2
5681.4
9242.7
13841.3
123.0
16655.0
1351.3
4611.2
1127.6
805.4
2484.8
3813.1
3124.5
1449.8
2056.3
28456.3
1198.4
870.0
1841.4
1376.7
4750.5
3112.8
2751.8
660.9
4558.9
4672.8
152598.8
41282.6
1522.8
777.1
3112.6
3543.0
1524.2
2550.7
5172.3
389.0
4241.2
78.0
4778.3
5784.0
356.0
476.4
7237.0
3372.3
1102.3
4366.8
3379.6
96216.3
163.6
3604.9
52.0
85.4
3404.4
855.4
6343.4
13391.0
5682.0
1871.5
2696.6
1924.5
54.9
9661.6
1943.4
179.2
17908.6
3673.3
5277.2
1674.9
1299.2
2331.2
5980.5
1674.3
427.4
52.1
3881.3
295.0
561.1
13197.7
1740.7
969.5
8560.0
2061.3
6192.2
1266.7
9410.3
4964.4
3054.8
32584.1
6836.9
17922.4
2980.9
2629.4
4853.8
2934.9
2222.6
442.5
873.4
508.9
1856.1
4130.0
1859.7
189.0
236.9
210.0
7109.1
2299.5
2282.1
1807.4
22568.2
49693.4
4412.5
6708.5
14568.4
14164.9
3379.4
243.7
706.4
745.6
4087.6
1105.1
11164.5
1194.0
280.9
6908.2
9512.0
2293.7
1451.1
263.7
4489.0
6368.9
5857.8
1604.3
12622.6
840.8
2845.5
3773.9
115.7
965.9
5477.2
3943.1
342.9
5603.0
2236.2
2035.6
17.9
13381.0
3263.6
4387.7
2586.0
3163.3
1909.7
2444.9
9442.2
29997.6
24813.0
7992.8
55.0
362.3
534.9
15435.5
20324.9
2111.0
3226.3
389.6
210.0
1425.5
8506.3
9321.0
1236.6
3523.8
1675.2
22521.5
2914.4
50330.4
24247.8
2052.8
3672.7
16982.2
9804.2
36.6
39939.6
21691.3
2020.6
407.5
4132.6
841.8
40.1
2617.6
13824.6
17960.9
951.0
2084.3
9661.5
3713.8
1080.2
198.1
280.2
4962.5
580.9
1291.9
1684.0
3750.8
28714.1
1008.2
2076.8
412.4
4993.4
1545.0
1659.7
3747.5
8603.2
8719.3
48045.0
1642.6
1541.6
6053.0
10856.4
1017.1
3208.0
3134.4
3637.6
10.9
1483.5
7999.9
2230.9
4386.5
241.6
757.5
559.6
96.0
4210.5
6508.9
999.2
8660.6
6410.5
3731.9
18798.7
1650.8
1159.6
2797.7
16222.7
36733.7
52261.7
2392.3
3350.5
1697.4
11468.6
4664.3
4445.0
764.9
4329.3
2299.6
1880.6
375.4
406.0
83370.9
21721.5
4366.8
4103.7
1596.1
690.0
5048.6
97.6
124665.8
3494.2
5413.0
40125.4
2749.9
2152.0
3056.4
4424.3
3226.5
805.4
982.2
2143.0
6834.8
14.5
1698.0
95.5
1799.2
21771.9
1813.4
1075.7
30454.6
5178.9
488.1
4735.0
2014.3
480.5
1037.9
8557.2
1694.1
664.6
951.0
280.2
3673.7
2870.5
19143.2
10283.5
509.5
415.8
3298.9
2274.4
1657.6
2803.1
191.2
7939.9
540.9
1294.6
1306.5
1507.7
8210.9
2634.4
77717.2
2615.4
6279.8
8553.0
11576.8
641.9
4468.2
19636.4
1201.8
5046.1
152.6
5473.2
45778.4
15795.5
1809.7
1529.1
6410.6
2454.3
36753.4
2712.6
1565.2
2140.3
346.0
5164.7
1198.3
2330.1
2709.9
14504.4
13352.1
40295.1
907.5
5468.2
1306.5
2086.2
11015.6
6637.2
10341.9
1685.8
1503.3
6843.1
2450.5
2933.9
4560.0
8935.7
201.8
4779.6
2720.3
6859.5
1524.0
35639.7
874.1
389.8
324.9
4049.0
10196.2
2283.1
1538.0
5199.0
1538.6
587.4
12690.2
1012.9
6803.3
5213.8
643.7
730.6
268.2
1791.4
3113.9
3512.9
5277.7
2266.3
1719.2
18134.7
26220.4
20440.4
2993.2
8885.7
574.0
3432.0
8717.9
7059.1
49734.6
5492.3
5700.5
3872.4
944.0
4969.4
394.3
1774.5
1943.1
424.4
712.3
1137.8
233.5
783.1
1408.1
4497.1
393.9
1442.3
4386.4
574.3
9807.6
2870.6
4469.8
1198.2
5508.3
6345.0
3228.4
849.5
2595.1
1972.0
2343.1
1546.6
693.2
575.0
4852.3
110.0
2966.8
3945.9
2971.0
1442.2
180.5
480.6
738.0
3595.0
1735.1
2656.3
2439.5
5111.2
898.0
5681.5
3871.2
9110.5
3919.2
8955.6
254.4
503.1
1484.4
2328.2
2205.8
9021.6
3162.9
7755.0
1924.1
5758.1
4225.8
1212.1
2193.8
2518.5
4357.9
9659.5
3635.1
20454.3
8600.0
19.3
2051.0
3968.7
7423.2
1469.8
10964.5
4022.4
2573.1
3414.3
483.2
368.6
3308.5
8361.8
1891.1
6944.3
973.4
777.0
5526.3
987.8
3881.6
4672.6
4852.2
949.0
898.7
613.6
280.0
880.7
8884.8
1562.0
8061.6
3309.3
2572.8
4362.9
6132.1
484.1
7672.4
163.0
16232.2
2660.0
5323.5
2656.7
9208.9
777.2
6733.1
6192.9
567.8
78.1
895.0
51292.3
11356.5
3238.9
1900.2
14418.4
108502.8
1813.4
94769.2
20861.7
4738.3
6905.8
65623.9
6826.7
20295.0
22344.0
540.4
18122.9
1676.2
3291.5
1221.4
5799.8
1398.4
27215.9
1546.4
1869.1
778.0
2488.5
42269.9
22350.3
85176.1
6451.1
11011.0
1280.0
2995.5
4559.2
1754.3
3186.7
4778.6
53987.5
14865.5
576.4
2748.4
1938.0
27196.1
1972.0
2282.4
3134.5
1279.7
1155.8
979.4
1753.8
6053.0
3605.0
1851.0
19867.5
1090.7
7737.4
4406.8
26204.9
1172.8
4223.6
8357.8
2203.2
6053.0
4536.5
66.2
4002.9
1420.2
2110.9
3391.8
6082.2
4304.1
3747.2
7137.8
99696.6
13085.5
3241.4
2064.0
6234.5
229.1
1783.7
3404.6
18149.0
5153.4
5939.9
1139.5
4149.0
689.7
1035.5
83.9
4387.7
4881.6
10852.8
5495.7
2000.4
5495.8
1031.0
51129.5
1082.8
2777.4
780.0
725.0
16832.0
959.8
786.3
4672.5
951.8
20253.9
6946.0
2183.8
1284.0
2450.0
3750.7
1031.6
4424.0
218.4
1618.2
1145.5
4559.7
45614.3
135.1
2342.6
324.2
4519.0
2691.1
917.0
4352.8
16230.1
156.4
1035.0
23101.7
970.5
4303.4
4571.4
3655.3
13.8
201.5
277.0
11018.0
1377.1
2236.7
12228.5
784.0
2581.6
24.8
2413.4
1426.0
108.4
2244.3
5351.9
2477.5
2469.3
196.7
152.4
1915.7
5356.1
3908.3
1784.4
23512.6
1090.0
19552.4
802.7
4065.0
2472.6
1292.1
5050.2
3606.2
1199.9
13341.6
1203.0
5027.9
5431.0
70.4
415.4
1279.4
1416.3
3519.5
6903.9
3153.7
1524.3
3552.2
4615.8
1583.0
13184.8
393.9
3923.9
2477.1
7523.1
4558.9
1376.5
1104.8
8158.0
7803.6
165.0
917.2
1559.9
307.9
1989.3
4160.0
15438.0
5113.9
298.8
1575.0
68.4
935.5
2565.9
4614.2
7508.6
9894.2
6136.4
2632.5
35944.1
123.0
216.4
3813.9
1927.4
254.4
3133.6
467.7
8.0
4826.2
1870.9
11137.0
1867.5
6590.8
6826.7
14542.3
1915.5
600657.8
4518.8
1741.8
4839.1
20290.4
4650.0
62.9
14153.7
3465.8
911.5
1105.1
3782.6
1023.9
9406.8
78.8
2720.2
9185.5
4378.9
416.4
731.6
2748.7
64372.1
2243.6
2342.7
34.5
74412.2
2589.3
7516.2
3432.4
3603.8
7395.5
2135.3
1268.6
911.5
4090.1
1193.9
2267.8
1300.8
25720.5
368.6
33584.8
166.0
21438.0
958.9
2769.4
12822.7
2484.4
1228.7
15908.0
1171.0
3582.6
15210.1
4970.0
3633.3
295.0
393.8
435.0
690.5
3333.5
8623.4
7755.0
2781.6
1455.4
38662.1
626.9
4628.9
35874.9
425.9
799.2
6737.3
536.0
204.5
276.7
5213.4
20290.9
26224.3
14792.4
12922.8
1299.4
2103.3
10540.4
1041.8
214.0
6866.8
304.8
523.7
1101.8
616.5
4242.2
1574.2
8487.4
2037.6
787.8
890.3
3199.8
420.8
2224.9
14951.8
1822.9
1684.1
2285.8
6022.6
676.9
238.0
2325.4
552.0
1974.0
3489.7
4536.6
3176.4
1718.0
76.0
13982.1
394.5
2844.6
8916.9
933.8
1461.8
3207.4
25662.1
4387.2
2799.6
407.0
1864.8
37916.3
1972.0
7841.2
9406.6
950.8
6434.0
2743.0
1455.1
108445.0
5548.2
1135.1
1632.4
10549.2
1102.9
378.9
38778.9
1712.2
3708.6
12688.8
1433.7
5538.6
2382.7
6946.9
2330.1
14658.0
164.9
1433.3
6051.8
242.5
5141.0
22349.0
26487.0
26.4
124.6
32555.1
1328.6
5412.5
4433.7
7735.6
5759.3
7587.0
3742.8
5396.5
1364.2
4489.7
45558.1
167.0
2477.4
42557.4
629.3
545.8
1868.4
1605.4
397.7
6737.6
1157.2
5652.8
3014.6
2282.6
3918.1
1328.4
974.5
4736.2
717.9
1321.2
4507.3
14538.8
298.5
8561.2
19571.3
337.7
30328.4
188.1
10231.9
2261.2
1279.4
10581.6
8660.1
575.0
2330.1
5939.5
2573.4
1291.8
4647.4
9322.0
13379.6
632.4
54.9
792.4
12923.2
9661.0
9409.1
1523.0
2629.2
2484.4
2537.1
920.9
256.0
5233.4
13831.5
97.2
5100.6
14418.4
3255.3
1032.5
1583.2
907.0
692.6
3675.2
2134.8
535.0
3228.2
1634.7
29661.9
9708.4
23743.3
5794.7
316.2
1122.8
4868.2
549.2
73968.6
822.1
26.6
9215.5
305.0
1024.1
3968.0
7996.3
4517.8
35896.1
512.4
3637.7
963.9
2582.5
951.6
12914.8
552.4
6161.3
38678.6
108.2
2621.3
163.1
8717.9
1184.1
6063.3
1155.1
134.0
3208.2
1683.8
2617.8
7803.8
4042.0
3254.2
33706.6
3961.7
3269.6
12950.4
15249.9
523.4
2561.0
5938.1
756.7
4041.3
4850.5
626.1
393.8
1656.6
3265.4
2483.9
75998.8
628.3
3516.9
216.0
5762.9
15804.6
5968.1
7114.3
14955.1
245.2
1312.6
752.8
743.0
342.2
2477.5
5962.8
2014.3
18299.0
5167.3
243.1
11353.1
671.0
1980.5
27136.7
4084.9
326.5
1786.9
278.9
4148.9
2727.1
12946.2
3815.9
4268.7
4448.5
1082.0
1506.0
11496.7
364.9
106.0
1865.3
11374.5
6081.2
66.0
615.4
2262.0
1117.7
8556.1
2362.1
2766.7
4319.5
4149.9
4003.4
9592.9
3379.9
3961.4
11015.8
4884.4
14272.2
8405.4
3499.3
12344.4
237.3
979.0
707.7
1211.0
2194.0
5186.9
354.6
22008.2
4191.7
6024.3
4320.0
1102.6
870.3
930.9
5049.9
1613.4
2446.9
102.5
1200.6
307.6
4539.0
18035.2
1245.5
8161.9
771.1
9572.4
4001.4
9142.9
2633.6
34475.9
24555.1
3382.0
1313.6
3425.2
5243.0
163.0
57324.9
1789.5
2094.4
1489.7
1926.7
1890.7
1949.8
9322.0
32453.9
1778.9
1172.8
315.4
1510.6
1313.2
2094.9
30824.5
1974.0
3464.8
4866.9
566.7
74537.9
681.7
4962.5
3809.0
4696.5
1638.0
280.0
133.3
2573.1
2056.0
679.5
786.3
991.0
4413.1
682.8
4560.0
1219.3
379.4
2972.0
8717.9
95147.5
49461.2
61186.6
14044.0
6656.2
2629.5
3434.0
1874.9
2253.9
5045.4
4160.1
743.2
11161.1
2562.9
1596.1
1076.1
35590.0
3512.3
4367.2
14726.4
1441.9
25427.0
2015.1
53941.7
2019.0
2919.1
1692.7
29568.3
1618.9
1126.4
1595.2
972.6
24.3
1333.3
8888.8
1506.9
5784.0
5960.8
5188.0
2656.7
1500.9
4970.0
872.8
749.8
370.4
286.2
1514.5
3226.7
3776.5
4478.4
2483.9
9568.7
1676.4
5624.1
2485.4
15938.4
2045.9
2782.1
1430.8
61082.4
24828.3
3321.3
8347.0
9117.0
501.6
1483.0
4861.1
750.5
7618.5
4149.6
12696.9
2169.7
2477.7
370.7
2440.4
19321.5
123.0
34112.8
3937.0
528.9
1826.6
3980.0
15217.3
920.3
60654.4
951.8
1130.7
79.4
612.7
1541.0
612.9
35896.1
2102.6
24272.3
6757.0
4034.4
189.2
4436.2
11572.4
672.2
10937.9
604.3
108.5
6845.6
1060.7
5215.8
24658.0
7747.1
1754.2
2504.4
29874.7
2562.8
342.1
1137.6
3105.8
279.8
1202.6
1602.0
295.2
580.8
158.6
1317.4
24771.3
9015.7
31009.6
612.6
1308.6
365.0
1293.5
5759.8
1917.1
11588.9
4240.2
5324.3
622.5
4468.8
10797.5
622.5
57155.3
3465.4
6636.2
8516.0
95147.5
3392.0
9654.0
42543.4
408.7
3240.8
4727.0
8507.1
540.3
1577.6
295.0
7184.0
2738.6
108445.0
11371.3
534.7
29548.5
1492.9
8066.7
981.4
32335.3
1321.2
2763.7
11576.8
590.7
6801.2
3499.1
369.7
2057.3
7672.1
738.1
7168.0
2033.2
3806.2
13375.3
358.2
632.8
12811.3
3010.4
2104.2
522.2
1697.8
5217.0
3124.8
86.8
3299.6
4963.0
1937.5
3636.2
679.7
3122.4
3920.0
6792.2
4558.1
5286.5
3871.5
7231.1
4469.2
3254.1
307.8
12369.4
2126.9
4600.5
1066.0
1655.9
30991.5
115.2
973.0
3477.1
7838.2
710.0
1942.0
30988.6
2129.5
71.0
94960.0
614.4
2265.9
25735.9
1235.1
3568.0
2869.4
738.6
20434.5
5495.1
179.4
1925.7
1901.3
907.6
49693.6
2217.5
8073.8
522.3
1329.3
765.6
14.0
6317.2
2070.2
201.8
2391.0
30775.0
1906.8
4609.3
12679.7
7443.0
1421.2
3672.7
860.0
1200.8
11116.8
280.1
714.3
502.9
1171.8
930.6
12617.1
1893.4
10329.8
1121.6
534.2
1997.6
5542.6
34112.8
19571.1
16832.0
822.5
5275.0
3674.2
9364.6
7735.2
1221.8
75686.0
4104.8
10127.1
1693.9
662.4
4589.0
6950.1
8662.9
65.8
3254.9
1441.6
4105.8
14660.8
1970.5
1015.6
3112.9
2655.2
3434.8
2103.5
575.1
20954.7
660.5
4605.0
2484.7
3607.2
1123.5
2473.4
991.7
22560.3
1900.0
75512.8
1.6
55.0
13385.8
2254.0
692.0
8362.4
162.9
18773.4
228.9
2519.0
693.4
1134.3
30851.6
632.9
346.3
5352.8
1901.3
2014.8
8978.4
9519.4
2066.4
4591.2
8290.9
416.5
3135.0
787.6
102.9
4050.6
216.7
1550.9
1811.0
1754.3
32350.4
4149.3
2917.9
934.6
30986.6
5045.8
2106.8
11573.5
11218.5
3297.3
14670.0
3330.5
3322.6
2416.3
2478.8
30765.8
2207.4
7395.1
682.1
2572.8
9709.2
5152.0
2653.1
272.5
1915.8
1366.1
2914.3
1450.1
6864.5
5652.3
342.5
84738.2
1856.1
75725.1
3938.8
42203.2
488.8
2629.2
4535.8
24777.2
2628.9
1002.6
1698.0
3230.9
1399.0
10115.9
2102.7
229.2
3523.8
14661.6
47.2
123.0
189.5
5758.6
455.5
709.7
2934.9
2351.2
6450.8
2319.5
3747.5
2764.2
5234.9
10032.4
3523.6
1076.9
14.5
5114.5
20326.2
6994.1
2622.4
3960.7
19127.2
7162.7
2265.8
35744.1
1782.3
2430.9
807.8
1522.3
8971.0
8489.6
665.6
1756.5
501.6
4014.9
5054.1
58.1
2878.1
21715.5
3914.0
3227.1
4151.2
3674.3
3671.5
1468.0
5145.1
16319.3
2184.5
943.8
5652.5
9663.9
936.4
11363.2
818.4
480.0
4300.3
1478.4
10341.8
5153.0
5074.8
7676.1
2169.7
4798.9
6549.4
20493.7
1213.0
3552.2
6590.9
370.3
6634.9
1739.3
232.7
307.5
268.4
1213.5
216.4
25391.8
712.3
1205.9
1901.8
664.8
2728.1
4990.8
4801.1
16313.4
2046.1
1099.3
1377.5
1313.0
7531.9
9417.8
1564.2
1869.1
1410.4
3712.1
18199.6
2342.6
6051.8
5327.2
1890.4
26518.0
3536.7
523.4
783.4
45851.7
304.9
1194.0
5152.3
3595.3
4211.5
633.0
47720.2
685.8
1933.0
32551.9
1667.4
2724.0
9506.8
2766.7
4560.1
41196.0
9656.8
3198.6
1509.8
969.3
1198.9
3206.4
959.8
16835.2
2617.4
6368.7
407.6
8105.5
2954.2
13129.8
1851.5
1450.2
356.0
561.1
4003.4
9117.0
75803.3
3490.3
13033.5
936.2
1927.0
4234.0
676.9
75638.5
5112.7
2720.2
761.6
7601.5
3253.9
6797.1
1489.4
2076.0
6796.5
753.2
8100.1
108445.0
106.0
1320.8
2166.9
2567.5
865.2
3312.9
227.6
4854.1
216.1
1313.2
2381.4
47.0
136.1
2661.2
3810.3
453.2
9291.4
2597.6
3225.3
11974.3
6855.8
2870.7
1808.0
764.4
5941.2
7005.3
2600.1
2124.1
7937.1
17.5
3307.1
2417.5
987.9
3296.1
68.4
12924.8
2425.0
4772.4
34410.7
1279.4
343.0
951.2
5826.2
1499.8
6136.1
1585.4
3713.3
1155.2
6481.7
7575.4
3356.5
13509.0
96833.5
2391.9
95.7
870.9
10556.9
263.3
868.8
2585.1
15228.5
3154.6
935.5
9686.3
1634.4
14743.9
60419.3
12.6
41.5
410.2
2008.6
192.9
12343.4
5706.6
2536.4
7233.1
8488.0
1358.2
1716.4
2143.4
233.8
9514.9
6452.0
4239.7
2159.0
5710.5
1322.9
608.1
3961.1
8161.4
1052.8
3661.3
1199.8
1863.6
2472.8
943.2
1926.8
1510.2
3107.9
8431.8
6838.9
6446.6
2666.2
1216.4
4996.0
833.5
1292.0
96.7
2769.4
276.9
2966.6
415.5
833.7
4152.0
1265.5
821.2
19883.3
2467.8
83822.2
4468.2
5475.4
3263.7
2127.7
3432.9
13809.8
3232.6
846.4
367.8
20505.0
3553.4
106.0
66.0
1407.8
1024.8
1292.0
5286.6
803.5
2381.9
4490.1
6600.9
4366.6
1638.0
388.9
4929.8
3741.7
3088.0
5967.8
2858.7
3032.4
9806.6
5028.9
3035.7
8967.9
2584.4
1321.8
7516.4
18646.2
3414.5
200.5
101.4
9014.3
198.1
2551.1
1619.0
3720.3
3344.0
8598.6
20655.4
30260.0
1130.3
1425.6
7584.3
34132.8
24198.2
1825.8
2439.8
6282.2
9519.6
1160.0
1724.1
3325.5
3705.8
865.3
2331.2
959.9
396.9
13410.9
23740.9
674.0
898.3
329.6
1981.5
1620.3
280.1
15558.2
1746.0
1942.5
1022.4
737.5
2880.6
1717.2
5153.8
12462.0
3006.8
1279.1
4122.9
70.5
928.7
712.6
580.4
2223.4
2506.6
8105.5
2453.8
1637.0
2391.0
5469.1
1542.5
5603.2
4142.3
912.3
1105.1
598.0
1287.0
30991.7
4759.3
2236.2
2410.0
2831.0
3170.4
7589.1
263.7
119616.8
196.3
2903.9
1790.0
2351.7
179.8
5406.6
643.4
1524.1
6058.0
2582.5
818.7
959.7
11805.3
920.3
2862.6
8520.8
2412.4
49748.2
16878.9
5539.3
2020.4
5385.7
3373.8
123.0
393.8
2036.5
9112.8
53894.1
1484.8
522.5
2364.3
88.9
4587.3
1942.2
1550.8
1421.7
8658.3
2045.2
7004.0
86085.4
2835.3
108.4
693.5
3063.3
18656.1
535.0
951.4
762.0
4147.8
8157.0
101.9
665.1
1863.4
46.3
3498.2
3567.9
576.7
1684.1
1012.5
3513.0
427.2
5966.3
710.1
916.7
2653.0
2124.5
13991.1
1619.7
4210.1
146.9
1851.3
8099.1
26203.4
2573.2
14961.7
5106.8
1685.6
10803.0
7048.7
362.1
108.5
345.9
1.6
394.5
2414.2
3163.2
2032.6
19555.6
12506.6
1301.0
3113.1
8624.1
1071.3
4240.7
5527.7
5174.3
3456.6
5882.1
635.8
4560.8
282.6
1641.5
1554.3
1528.9
6521.9
3539.6
2483.9
2846.6
3921.2
2413.9
304.9
66.0
873.9
2629.0
3135.2
47770.9
534.4
2724.1
5886.1
2697.3
6544.5
558.0
180.7
766.1
8111.2
18636.0
1358.2
159.0
214.0
8119.2
1079.8
7579.9
6803.3
5325.7
11215.9
16994.5
12319.4
1593.1
436.4
68.5
11.9
4782.3
5835.1
6249.7
4033.1
1442.5
673.8
2684.4
4935.1
1211.9
1407.9
10617.4
282.8
1507.6
1849.4
5161.9
2915.7
25.1
1411.7
1415.5
369.1
9093.5
16836.4
4304.7
34273.9
859.6
380.0
6193.9
6183.0
1425.9
2752.9
1838.0
14808.9
345.7
84744.9
1376.9
6579.5
1003.9
3906.9
6850.4
10855.9
2484.0
15437.0
134.2
2501.1
1684.1
2830.9
3088.7
528.8
1926.8
973.6
5051.8
1926.8
3539.7
5784.3
12983.6
4330.9
661.4
36560.4
1066.6
1741.3
3428.1
18747.7
1294.9
1593.7
7606.5
2501.1
2329.3
1378.0
17320.3
4749.6
101.6
6194.7
6453.8
4103.3
1125.6
101.9
3575.0
3721.8
945.4
1981.2
3672.7
4664.6
407.6
346.4
2268.7
896.0
2327.5
16214.9
2260.2
22346.6
66.1
24661.4
16317.1
189.3
1810.0
1392.2
396.7
826.3
2361.5
7502.7
3015.9
4367.4
8283.7
959.3
5072.8
486.8
3113.9
30769.9
724.5
1547.0
1577.0
361.9
2254.6
6453.5
2500.7
3436.1
11874.4
20646.8
4587.3
4517.6
665.0
2629.6
1300.8
15938.4
2656.0
5543.0
709.9
2415.8
1266.7
26264.8
7746.4
167.1
20278.7
1926.6
133.2
12682.1
11015.0
1814.2
2988.5
54000.6
387.7
1465.9
3264.2
2236.1
3724.7
3199.1
3613.1
1262.0
201.1
1596.7
51496.8
10515.8
4862.5
1813.0
61009.8
4851.5
3008.8
2746.1
1035.8
1299.6
1137.7
1799.6
4947.5
115.7
449.7
1790.3
6506.8
88.4
1523.0
180.2
9290.4
6992.6
2267.5
61.8
1507.3
679.9
5327.2
88.4
3863.3
34206.9
15180.2
2869.4
3322.3
17791.7
147.5
209.8
4841.3
3670.9
1425.3
17928.8
1857.0
4025.0
30989.8
48.1
300695.4
1313.0
4014.6
674.2
25772.9
2329.8
2382.6
2612.3
2068.4
1250.4
1116.4
7682.0
4304.8
1388.9
1980.3
1400.8
649.0
6757.2
336.1
1583.5
8419.3
416.0
15218.7
4041.3
14153.2
394.0
4102.0
1868.6
2152.0
2537.6
2574.1
53941.7
5829.7
1712.0
1171.3
2086.2
4583.6
226.5
1089.7
4388.3
5837.2
1469.6
3749.4
9518.4
17049.2
1441.5
1268.7
503.3
6684.1
1308.5
5356.4
1015.9
2652.8
2234.8
4239.5
632.7
2280.3
3177.2
14553.7
2350.9
2859.5
979.9
365.1
1294.6
27215.9
3542.4
258.5
1514.6
4099.1
1651.8
713.4
2433.0
10183.8
8409.5
5417.8
649.9
661.3
147.2
49634.4
4227.0
632.3
501.6
3729.8
244.5
10570.4
29616.8
7113.1
5471.4
32.9
51244.2
5357.9
2417.8
907.4
5413.8
2018.6
1142.6
4992.4
1807.4
5217.0
918.0
1175.5
502.9
4228.0
6449.4
12935.8
475.3
10218.8
3708.1
7232.2
1818.9
1260.5
4451.6
259879.3
4924.6
3406.0
123.2
4016.7
628.1
16875.9
4209.5
1291.3
8208.4
2329.5
88.6
7834.5
4963.1
2660.4
5591.2
6195.4
3108.2
3415.3
9799.5
11010.6
9108.0
3428.2
1483.4
4772.0
1540.0
14485.1
549.6
565.1
74412.2
3856.3
9575.1
2060.1
1927.0
6502.9
16215.5
1090.1
11214.2
2709.0
316.1
4388.4
15908.4
8980.2
6053.0
4672.6
1387.8
78.0
2160.0
1175.9
96829.9
1411.7
4867.5
4990.1
1399.5
4778.6
7911.0
8727.7
3135.2
5028.7
12248.7
3134.1
4184.4
13216.3
5713.0
5045.1
12622.6
276.2
16232.2
485.2
3123.5
4536.7
8877.7
11585.1
11574.0
4518.8
1993.9
1870.7
60477.7
148.7
7595.7
2728.1
972.1
47.3
2675.1
4015.0
3818.2
894.4
4003.3
1421.4
415.8
1746.2
8251.4
1313.0
4964.6
3007.8
15912.2
616.0
42625.2
9098.0
4002.2
99750.6
47.7
2069.4
1972.7
14947.6
1846.0
10795.2
155.6
35986.8
2360.1
4366.6
15168.1
253.5
2057.0
661.6
4964.2
2956.2
4479.9
1776.5
152.5
378.6
5187.4
3206.7
18764.1
8410.9
28206.2
1724.1
566775.9
5286.0
3539.9
3183.4
416.4
24.3
1126.5
2929.1
7498.1
2662.6
436.4
1527.9
3989.6
11577.0
1784.4
6370.5
3391.5
9551.5
6154.1
8717.9
5152.6
9516.5
286.2
5682.8
15466.5
12159.4
8373.3
411.7
394.4
54139.2
3051.0
8501.5
1364.0
1868.8
3179.4
105.8
14.2
8363.0
9112.6
7808.6
1949.0
5927.1
2720.1
1970.5
108445.0
3390.5
14262.8
8668.9
29193.2
8309.3
6409.6
1513.1
275.5
1864.8
2445.4
442.3
3810.7
13382.9
14419.0
780.0
9655.0
21844.1
30989.6
5970.8
10599.6
7378.1
257.2
681.9
927.0
10806.1
5445.4
2612.9
2472.7
1597.9
889.9
152.9
2472.8
3519.6
4067.7
1456.5
18646.2
5260.4
1575.6
633.1
895.3
6193.9
3035.6
280.9
3299.6
5215.8
696.1
269.2
540.1
4814.5
3106.6
232.5
394.4
1594.0
22351.6
8972.8
2809.2
7533.4
1451.3
821.9
3032.6
2862.5
4050.6
13819.5
78.1
2160.3
780.0
1539.6
1746.1
585.8
2051.5
1811.5
2000.1
858.8
3033.1
934.3
2151.8
9657.9
1530.1
13993.9
1915.2
274.9
1284.6
1258.8
19.9
4614.6
2018.9
308.0
2769.0
2342.3
6324.3
1400.3
987.9
1860.0
1083.1
29202.2
1809.6
746.2
7582.2
10052.4
2159.1
1972.0
2127.1
1299.2
739.0
11216.7
780.0
4927.1
551.6
3324.9
1138.8
1278.7
1259.4
1720.2
1131.2
24556.6
6345.6
534.8
22893.3
2661.7
1577.3
3323.8
2483.0
1200.0
1052.8
1014.5
25.0
305.1
13819.1
2627.5
1734.2
2249.1
17980.0
3289.8
663.9
2146.5
3225.3
2793.6
4413.4
276.4
1635.0
1299.2
2360.7
2184.8
4817.1
661.5
4051.4
7103.7
415.8
8157.2
27192.2
4262.6
5412.6
6775.1
10619.2
3637.7
8509.7
2278.8
697.9
6869.1
2608.4
1741.1
1090.0
434.1
6413.1
3613.1
1126.7
2497.7
3138.0
13814.6
2143.1
8118.9
1059.5
2759.0
60.2
30871.4
15228.0
1417.0
738.9
8552.1
4323.9
690.6
10839.5
23027.1
414.0
5348.5
2897.4
1313.0
3205.9
55.1
535.1
2320.6
4244.1
1002.5
408.6
560.4
709.6
2085.8
1684.0
1039.6
18054.4
2293.2
959.5
604.2
3207.0
232.8
4561.0
96.3
972.7
780.4
7002.0
739.0
2813.2
5927.0
1321.8
16443.8
1577.4
2084.4
2869.6
4869.0
38482.0
2342.6
42314.2
2464.3
4402.9
4930.6
1799.0
77.9
8694.2
3172.2
4387.8
1656.3
21158.8
11113.0
75920.6
724.1
5046.7
5188.0
3924.5
2161.1
1338.4
2780.5
4672.6
16438.4
4000.0
2169.2
229.7
586.6
1014.6
3566.0
5259.6
2581.2
7179.5
252.2
2769.3
4141.8
2710.1
5165.9
1412.0
1817.4
1300.8
9010.9
5542.9
560.4
77982.9
1851.0
5212.7
1388.6
407.3
1079.9
5428.2
18701.5
1291.5
1213.4
415.3
82555.4
1738.7
5785.3
8772.0
4490.6
1668.7
821.2
12685.7
24172.5
4518.6
154.9
5257.1
1442.1
352.9
6193.7
17311.8
2944.3
4219.9
2427.3
3134.2
3539.4
951.2
604.6
12919.0
2124.8
1856.1
9808.0
3635.6
4042.0
6784.1
2652.9
1390.9
5542.5
5407.5
10194.4
1110.5
1506.3
2.5
5195.0
5052.7
2352.1
2206.0
2103.8
3605.8
192.7
641.0
2441.1
1483.3
1283.9
19358.3
2027.2
682.0
11866.8
1008.8
2242.7
3513.6
5513.8
9398.5
6153.4
917.4
6369.5
979.6
96.8
3433.0
4697.4
25448.3
426.1
994.4
29603.4
690.0
5652.5
12346.4
710.0
205698.0
8102.3
4183.7
57557.8
5274.1
34326.9
885.5
1658.6
2159.2
6321.2
1194.1
5681.8
7247.0
1524.0
884.2
3469.3
968.7
2159.2
5468.6
2708.1
5382.4
712.8
3855.8
1982.4
13557.6
5210.9
5214.5
1245.0
188.8
8486.2
974.9
2566.1
8554.5
18435.8
2056.2
20454.3
35762.2
82.6
1995.2
3454.2
2020.6
1116.3
49720.8
427.0
1039.6
5258.1
2485.0
16980.5
6082.2
14380.1
3227.3
907.1
6400.5
27199.4
17934.0
2661.5
11166.7
825.3
4064.7
2904.1
4238.6
2660.0
3474.2
31013.1
27203.8
1799.4
12498.9
368.7
628.9
377.6
3262.1
384.3
3134.9
1216.7
2452.1
742.1
3300.5
973.6
4274.8
6708.1
286.2
452.7
1205.3
1654.6
28470.7
428.4
11193.0
13186.3
1915.0
3308.2
7912.6
890.2
45869.0
3545.0
17346.9
682.0
4607.0
1498.0
4064.7
2267.3
411.9
1884.0
167.2
8973.5
3499.1
8943.7
3713.8
34361.4
6451.1
466.5
716.4
20284.6
3570.0
2485.0
21192.8
5398.0
409.3
508.9
101.9
6132.5
558.4
10126.2
2859.4
4102.7
1199.0
2342.1
2919.9
52.1
11826.7
868.7
30991.7
2830.5
1322.0
32449.7
2653.0
2750.4
1783.3
2053.9
560.8
2260.3
123.0
5468.9
1111.6
6518.7
61114.6
2839.1
2054.0
4840.2
9976.3
6655.8
2471.3
725.5
179.8
1800.6
1456.5
52649.0
1851.4
5415.0
2345.6
2484.3
788.6
237.5
1425.4
375.5
2143.7
416.4
239.8
906.0
13484.0
648.7
3035.0
1927.0
10198.6
991.5
4050.4
880.4
5884.0
15441.5
294.9
26221.7
18345.1
9985.3
16842.5
2887.0
3962.0
1583.2
74736.3
1118.7
7613.1
108.2
3945.1
237.3
1810.5
4912.2
7512.1
7584.6
2870.6
47.7
11586.5
1321.5
1493.0
1079.8
1279.1
12487.3
1271.9
4990.9
3233.7
2268.6
5413.6
1130.7
18652.7
81238.3
929.3
2737.5
5162.0
724.3
1089.8
2323.2
1979.7
5071.7
5959.1
1292.0
2836.0
14672.2
874.2
2106.9
5048.8
336.9
4210.4
1565.2
3374.0
51586.6
8882.4
10543.2
17325.7
1684.1
8971.8
1596.7
7383.8
4042.0
474.4
651.0
329.6
501.5
1221.0
4606.2
15246.1
710.0
42539.8
3207.7
66.2
3239.5
96.5
469.9
2744.0
37842.2
15163.4
2750.6
4391.5
294.1
4962.3
2143.3
662.9
393.8
4456.6
10610.5
362.3
31890.9
5495.1
8347.5
4898.6
6488.0
1621.5
4440.8
8063.0
1423.9
8192.4
1971.7
280.8
155385.4
2365.8
9411.2
1194.0
1410.8
617.6
19301.0
2921.0
18935.4
1675.4
4088.0
12813.4
2261.0
4755.0
3381.8
1350.0
2259.5
356.3
3518.9
804.9
2753.7
4365.8
4801.0
2051.5
6655.4
2216.1
1782.4
189.5
14416.8
1823.9
4021.9
355.2
3154.3
17585.7
9647.8
1667.3
598.0
1777.3
1201.9
1001.9
58.2
163.1
883.3
7136.5
4026.3
1012.0
1322.0
3154.7
2056.2
906.3
154900.1
885.8
10663.4
20434.4
11811.5
4330.5
5348.5
5528.0
8345.6
847.0
12918.4
7986.3
2222.9
5214.4
5163.5
6818.7
889.8
970.8
2065.0
873.2
4386.4
2485.0
7988.7
8661.6
181.0
1295.0
4828.8
254.0
1241.7
6907.2
51598.0
9117.1
3436.0
2029.2
5189.0
981.9
14034.0
78.0
758.9
3882.5
394.4
8317.2
12.7
1975.1
1428.6
15451.5
2108.2
2858.8
1200.4
859.4
738.2
3122.8
327.9
5784.0
2128.0
2870.4
26963.5
38660.2
315.7
274.2
689.7
2103.3
4262.0
7231.7
7401.1
2764.0
3992.0
2737.4
9804.7
627.1
1070.7
564.9
1926.7
3946.2
2485.3
4732.1
1105.6
1313.0
4963.8
1420.2
30871.4
1012.5
8600.6
8874.9
1583.2
5045.1
409.4
256.0
26205.0
12914.8
4737.7
1972.0
280.0
1170.9
1016.0
3718.6
2018.6
2748.2
783.8
5960.3
7054.8
57659.1
868.5
2103.6
7021.1
377.3
6655.0
1155.9
2751.3
714.3
18118.4
17314.5
2183.8
724.9
2343.0
1668.4
6711.0
2330.7
2282.3
5588.4
3135.1
14489.3
1466.6
1466.3
6024.0
16875.4
4067.0
22519.0
40.2
521.3
122.2
3871.4
13084.9
13335.9
8717.9
1080.1
19536.9
6580.9
2744.0
6282.3
2235.0
11166.8
6948.2
30871.4
22990.6
3937.2
13192.5
1060.2
28709.3
6812.7
799.4
348.6
3355.3
337.8
21984.4
6369.6
197.9
1391.7
29609.0
6013.8
1849.2
8650.9
4243.6
167.1
1134.2
275.9
3019.4
12448.0
1052.0
943.1
6051.8
2537.0
1547.4
2134.9
75599.4
6799.7
42387.2
8732.6
1289.6
2015.0
5941.5
158.3
13203.6
728.9
4219.0
3162.6
105.8
722.1
6901.8
5959.2
725.4
4490.3
3748.2
180.2
17921.6
1635.3
4016.7
9549.1
20247.0
2551.1
1309.3
4150.8
5346.0
3855.8
4913.8
1294.6
3674.1
3427.2
8857.1
3188.7
5864.9
1122.8
60640.8
14047.0
20185.2
920.6
5353.8
2782.4
5329.8
13821.6
9800.0
17633.8
130.0
10057.1
25.0
424.4
6799.7
1246.8
17320.3
1744.3
3173.4
10941.6
3969.4
2204.3
5325.2
2002.0
3172.0
4772.5
3913.6
7809.2
11667.1
421.1
952.2
2102.0
5679.0
10959.1
22004.6
4772.5
2137.4
4587.0
12466.5
3542.5
737.7
3134.5
1126.8
698.0
5887.2
8.2
577.1
3177.0
1686.0
66.2
13351.3
12624.8
4646.7
7683.7
118.6
5471.9
1813.5
17947.6
1602.1
998.6
3513.9
2084.3
2086.1
2123.4
1082.6
990.9
402.2
1676.8
1445.2
377.3
8226.6
1358.0
710.0
166.9
4304.4
74736.3
692.0
1970.8
2517.9
6450.9
5591.9
8667.2
2126.9
26492.5
2477.5
2748.1
2907.2
2245.8
1236.5
10982.3
8420.4
4798.0
2565.3
163.1
1277.7
4005.5
2119.0
3490.1
3661.6
420.8
35947.0
264.3
3900.7
5481.2
8931.2
5237.8
7493.8
6004.4
3369.3
6636.5
5802.0
6844.1
2616.2
33685.4
4424.0
2582.6
16396.1
1387.8
920.8
62.9
2111.0
63.0
3017.8
1489.4
9509.5
1769.4
15537.2
608.5
4104.0
9110.3
943.3
2720.6
7990.2
6273.0
1711.0
84280.2
2083.9
4665.4
5156.2
535.4
2663.3
60549.6
14.5
2393.5
231.6
32510.4
4469.8
5384.7
6866.4
5108.5
11374.8
2993.5
5998.6
3149.2
2859.3
57116.7
2045.1
1685.3
4498.7
1974.2
1210.9
15193.1
1524.0
2506.0
4853.7
3552.8
36.0
1810.2
134.9
47784.5
2615.5
4933.4
4088.4
454.8
9740.4
5188.0
640.5
2471.8
4990.5
1637.7
2329.5
13377.9
2800.9
3007.6
4626.7
9346.8
13226.9
1099.1
189.2
6561.0
3711.6
5049.3
3046.0
1058.6
690.3
1347.4
8300.4
78.0
1376.1
12630.2
42759.8
1834.9
741.1
3542.4
362.3
5232.1
3900.5
4605.0
14660.4
852.7
95533.3
2331.5
49515.8
512.1
917.9
1264.7
4657.6
6455.0
4659.1
743.2
1602.8
725.4
8416.4
917.9
26200.9
1917.1
576.4
466.8
36753.4
2202.8
9106.0
1450.7
11466.0
1638.0
3717.6
1172.1
1926.9
2234.4
2364.0
1851.4
5050.3
5467.6
8870.6
649.6
3262.1
154.7
3724.4
6851.6
6989.3
1023.5
196.2
15433.0
1411.5
11211.2
671.7
442.0
229.3
14143.9
2145.9
2726.9
10132.5
5408.4
1684.1
2082.2
552.9
8555.7
35934.7
1399.6
124556.0
6180.2
501.6
724.3
8365.1
14404.2
780.2
3818.1
2015.2
3010.3
51628.8
982.5
7236.4
665.4
6134.1
1743.7
1216.6
3549.6
7579.2
2237.6
4502.2
3547.6
3240.0
5416.8
30988.4
413.6
65.5
2966.9
1000.8
11490.9
1927.5
7755.0
124.1
668.9
678.4
2629.0
6452.3
2342.4
6548.1
6449.0
5152.8
1621.2
46826.8
717.3
1700.4
2380.0
1399.3
1321.6
799.2
389.8
38673.4
2484.1
2606.0
5028.0
9020.5
123.0
6198.2
1175.4
2273.6
1723.7
2563.6
38636.9
1106.4
2138.6
4218.2
1321.1
9415.9
3381.7
2598.8
3162.6
6655.0
5592.0
1974.2
2727.3
698.2
4069.8
13037.1
1583.2
3182.9
12143.0
512.6
959.9
14491.8
1979.8
15201.9
49748.2
1289.5
62.9
177904.1
6370.8
3324.9
5147.6
15436.0
2001.7
143.1
272.0
3014.0
1260.3
1294.9
163.4
280.3
18104.1
3017.6
342.3
16426.7
3494.1
1317.0
2205.9
1583.1
4649.9
4026.3
371.4
2778.6
14360.7
13215.9
3909.0
1676.3
25463.7
1228.2
3424.5
6370.5
42409.0
481.0
4152.0
1596.1
9993.9
1981.7
1769.1
3908.6
3612.4
32459.1
1279.2
4851.9
2129.7
2967.0
23825.4
8103.9
1138.9
60672.7
10341.8
2382.1
1506.8
33627.2
2738.0
3274.1
1875.7
560.8
2904.5
6367.6
352.8
1770.0
792.4
1059.9
4066.9
328.1
36489.2
3210.7
32449.7
65.8
1409.0
479.8
1058.1
1972.0
1212.5
2018.1
1193.5
1038.5
7597.6
14728.3
13091.2
3999.0
728.4
327.2
76.1
18792.6
6956.0
3089.0
5927.6
7486.4
13197.9
7463.0
1652.9
7573.0
20996.4
199.7
5151.4
2234.0
959.4
328.0
775.7
3589.7
11367.5
82.8
589.8
2363.7
1559.9
315.2
929.6
2206.0
9944.7
5174.4
3513.3
13214.3
1421.2
1860.1
5911.9
2393.5
281.1
7137.6
74177.6
270.3
911.8
1583.2
3416.0
4963.5
14.2
932.5
8657.1
2457.6
295.5
3462.4
664.0
1138.5
7806.0
2352.8
7111.2
10968.0
416.0
4479.1
2183.7
2222.6
636.3
6343.7
483.2
295.0
3047.6
6636.6
1937.5
435.1
4152.2
929.4
11838.3
336.7
931.0
12264.0
1498.5
1213.6
1980.3
86.2
5495.1
346.1
580.1
4605.8
60072.2
1540.0
216.6
38622.0
416.4
3113.8
6523.5
1492.8
698.4
3463.4
4433.3
27200.9
3391.2
2243.0
678.8
4330.2
721.7
1846.8
2496.8
5189.0
3163.1
45609.0
5238.8
60.3
7908.8
394.4
12158.4
2551.7
951.4
21261.6
9347.8
7581.2
717.2
2081.7
7396.9
2496.1
19310.5
8551.6
3857.2
605.3
3946.9
4992.0
3721.0
4304.7
1562.8
2876.8
509.0
3308.9
1299.2
273.2
3412.8
40.8
3452.4
2683.9
108.3
11017.6
2857.6
751.9
4026.3
822.3
739.5
1676.0
550.0
1926.7
394.4
4853.7
11678.0
4913.6
4226.4
8522.1
122.6
9653.5
1221.4
3113.9
3742.8
242.7
19592.0
2342.3
5344.9
873.4
2411.3
10227.4
21277.6
548.7
6437.3
874.2
980.6
8738.4
1173.5
1740.6
15168.1
2018.3
5573.6
6194.0
11225.3
108.2
10141.5
11593.1
342.2
10764.5
29592.5
7736.9
1697.6
918.1
752.2
991.8
7431.6
8223.4
729.5
26484.0
777.5
2518.5
1300.8
501.4
1058.8
200011.5
2107.7
1079.6
2616.1
959.5
1377.1
78.1
5447.7
911.5
3231.6
4615.8
5153.0
4519.0
18734.7
5509.0
49679.8
4088.4
31009.6
2738.4
2004.3
11015.7
4615.1
1949.4
4022.9
1932.8
999.3
33488.9
1891.4
2504.8
2330.0
385.6
1004.4
6799.9
714.8
36753.4
4402.0
119244.9
2660.4
1421.0
53333.8
2835.0
209.0
188.2
3990.9
306.8
102.3
4867.5
5212.3
7837.8
2311.5
8211.8
2202.0
52846.8
13438.4
2895.4
4470.6
3491.0
89.2
860.0
209.0
24766.0
4226.4
5706.6
1915.3
1547.0
2015.8
4227.0
11570.0
406.2
17939.2
640.9
61082.4
1933.0
3255.9
253.2
3909.5
1442.8
14788.2
109.4
3654.9
832.6
10334.9
95.7
1039.8
264.5
24186.8
9191.6
4558.9
7395.8
674.0
3134.7
242.5
38867.4
1204.8
5045.5
576.2
16623.6
4448.2
3105.3
8599.6
2110.8
4518.8
330.0
3999.9
1031.7
535.2
5045.1
1656.8
13818.8
5177.8
29551.2
3944.7
4773.6
1137.8
1990.2
6193.8
2031.6
242.2
1477.1
87.0
1202.6
165.2
1110.9
208.9
1111.5
608.4
805.2
6628.5
61360.5
213.9
7150.7
7151.6
6370.2
7453.9
1765.2
2682.9
13.4
1940.7
267.7
3977.5
2899.1
276.2
5829.8
2826.9
4902.2
4717.3
307.6
3550.0
3492.4
1661.7
2737.0
7694.6
690.1
7428.1
608.8
2471.6
19568.1
974.5
2633.9
1157.7
2111.1
3496.2
1321.3
3543.3
7397.4
2799.0
2342.7
315.8
276.0
14140.9
1406.8
10348.2
253.0
5414.2
16155.6
1138.6
697.1
8.0
232.7
8601.4
5825.2
200.3
1806.8
3298.5
3594.4
929.5
1321.8
233.0
3516.8
2564.8
3636.3
4425.3
1675.8
2691.7
7135.8
3567.9
303.4
241.1
1193.5
4151.1
1524.0
1656.4
1199.3
1139.3
2266.1
1245.4
1676.0
4456.2
943.6
1988.0
1564.2
2076.6
4991.0
11018.4
4825.4
1172.4
876.6
2237.7
2038.8
6370.3
108445.0
1789.2
8732.6
2104.2
714.7
52757.7
5323.0
4478.3
4193.0
2805.3
3379.2
2019.2
12614.7
4605.8
685.9
2053.0
2585.6
2932.4
2311.8
6863.7
565.7
1080.0
2281.0
10307.8
1864.0
5759.9
6368.5
1216.8
1734.7
4671.1
1868.7
4173.8
2565.4
14.2
8376.7
1637.0
4002.1
1320.9
3025.2
724.8
30868.6
7486.6
3604.0
280.0
709.6
6709.3
17934.0
4320.5
5348.9
8975.2
776.4
12617.0
443.6
538.1
668.4
4300.4
2817.8
353.9
1974.2
5597.1
20279.0
18645.9
1294.5
19844.1
9686.8
859.2
15179.2
8717.9
12345.4
1675.8
2968.0
209.8
771.6
1391.5
42439.9
2391.4
1856.1
1676.2
23746.4
2573.9
8625.5
253.6
1489.9
9550.5
11015.3
3006.5
929.3
3239.6
4648.5
30001.6
2084.6
14775.3
870.3
197.2
1881.7
336.1
521.2
4088.2
2152.3
1710.3
15173.1
1122.2
2313.4
3659.0
4649.6
11559.3
1312.7
22360.4
232.9
3434.8
412.2
10781.0
1539.0
4991.1
55.2
2134.4
26.4
2159.5
9948.8
2534.0
2235.2
10531.6
226.0
482.8
5541.4
11572.4
3543.1
917.2
16247.8
1211.1
7384.3
2242.6
1079.5
1523.7
742.2
6837.4
17.8
3750.3
3239.0
17307.6
4842.7
4469.1
4665.0
739.0
2829.3
38733.9
1014.5
124.3
26182.2
1135.1
6655.2
834.2
17791.6
339.0
1127.4
3498.0
12689.1
929.2
10350.2
358.9
453.5
1868.6
4570.8
5508.9
3488.7
2585.9
1375.7
1656.8
1410.4
3403.8
1524.0
3135.0
12991.3
1768.9
2299.3
342.8
14148.2
11823.1
283.4
586.6
2500.0
15458.5
13212.2
4262.2
338.9
2996.7
8196.8
5567.3
2712.4
2342.8
2988.7
9302.5
2139.2
1699.6
1010.3
47794.5
573.1
16872.4
14176.5
1837.4
1364.8
277.0
1528.3
5928.8
8.0
7136.6
2502.1
276.3
23466.6
936.2
6989.4
9411.6
999.6
749.4
6058.6
9554.5
195.9
377.8
35936.5
2157.0
3862.5
86.4
9943.7
51.8
3654.5
2312.1
693.3
1031.3
12340.8
2520.2
680.0
2534.0
1377.6
3404.6
1949.0
2393.9
4964.4
2009.1
12335.0
3968.7
926.1
4665.0
18438.7
266512.1
1899.9
256.0
470.4
3721.3
4744.5
23573.5
868.0
1683.8
1260.6
10553.2
6321.0
1236.0
6051.8
854.3
1685.4
1421.2
1313.0
1365.6
6656.4
4839.4
1786.4
8693.5
2194.1
640.3
6636.9
1080.0
75677.6
9301.3
1547.0
3871.8
882.0
28037.4
8308.2
200.5
4697.3
3416.3
9293.3
4301.2
1041.6
4366.6
15002.4
1213.2
3959.8
614.4
11369.2
4696.5
8665.0
1498.1
3691.8
9299.7
2551.8
1869.2
1807.2
122334.0
5943.8
5795.3
9943.9
949.2
2832.2
277.1
6004.6
1489.2
237.4
4536.1
2015.2
8624.6
1845.6
4033.5
10181.4
1268.1
1089.1
671.9
2053.0
2008.6
324.3
7929.3
410.2
3187.1
316.2
3254.5
4716.8
17986.1
9111.0
449.9
17330.3
6903.6
24429.3
1156.9
251.6
4664.7
5198.8
2169.4
1489.7
1835.3
4172.2
3334.3
1937.5
2015.4
3404.0
1308.7
4881.2
1133.5
1849.0
18951.8
4385.1
3124.5
3255.3
12988.0
4505.4
2522.4
1806.8
1500.8
10383.1
906.5
29620.8
20284.8
3445.7
9326.2
365.2
3113.0
737.9
4470.1
2987.9
66.0
2167.2
2934.8
1553.4
8604.0
86.4
3871.9
5476.5
17049.3
2564.5
2673.8
13386.9
1746.4
1301.0
5198.8
63.0
4223.0
5924.3
13373.8
1058.4
2764.2
1949.4
8334.9
1857.0
3690.9
9817.2
1756.1
1228.4
3740.6
2329.5
24211.6
19814.1
5839.8
865.2
3547.9
1236.0
877.2
2223.0
42906.0
2760.1
32394.5
4240.0
4970.0
5396.4
6655.5
1583.2
9111.2
10564.4
4841.7
6942.5
2737.6
1282.9
84.0
1988.6
2143.6
1498.1
1868.8
1675.4
12817.0
3919.8
5216.1
1331.0
1894.6
8309.7
3180.2
3014.4
1103.2
7112.9
10028.7
2808.1
650.9
11434.4
188.9
1510.5
9658.6
108411.3
11168.5
12164.3
1322.1
4884.2
15905.6
20.3
5492.4
2193.3
1856.1
5574.4
3596.4
983.8
2918.1
14053.8
521.0
522.6
3343.7
3543.0
682.4
14353.4
16454.1
5072.0
3566.0
1900.8
3143.7
6834.9
1734.2
232.7
1900.0
3708.2
75560.3
96311.7
951.2
625.9
447.7
239.3
5965.8
6345.6
6453.8
5820.1
1300.8
4697.8
1291.9
1927.1
167.2
30503.0
871.0
1613.3
2068.2
1676.6
5473.9
84.1
2352.1
1851.3
6177.0
359.5
994.2
6990.3
2653.7
251.2
1662.3
3597.2
960.0
264.6
2438.6
6709.5
5258.8
2484.1
9005.7
30323.7
613.4
949.0
14713.5
2206.3
18645.9
10612.4
2472.2
1292.5
649.9
2003.3
14674.6
566.9
1411.8
19566.1
21821.4
1233.3
4151.1
4321.1
2002.6
10028.5
10969.7
3661.2
106.0
4241.6
243.2
712.4
1769.7
4627.9
2248.0
1657.4
502.6
12947.8
26270.0
122.5
3356.2
1524.2
10798.4
1350.1
2111.0
2015.3
1032.8
15434.0
2051.0
3413.8
4457.3
4443.0
1549.5
969.5
4017.9
3051.2
227.5
2894.8
2745.9
4206.0
1908.9
9411.0
1320.9
17040.6
212.2
6194.6
579.9
1845.8
5586.5
6588.5
1102.9
3208.0
6003.4
598.0
614.0
51454.2
1106.1
1890.4
24782.5
1212.3
15184.0
3476.2
7755.0
1720.6
1245.3
1807.4
16312.1
5045.4
4388.0
4841.1
7834.8
966.2
5352.6
740.1
1972.0
37937.3
682.8
6488.0
949.2
6654.8
1416.9
24777.2
9882.0
481.0
3552.4
15186.4
14403.1
8508.7
2709.4
5767.9
4673.7
706.6
189.4
681.5
49679.8
8308.7
575.1
4407.5
4969.7
4621.7
5924.7
276.1
4927.3
32409.3
16225.4
61204.9
1553.7
8738.0
6950.4
10056.0
4989.5
752.1
1937.2
14957.9
960.4
2311.1
201.2
896.3
6196.2
1456.4
2727.9
1857.0
13380.9
2144.1
5273.5
11635.6
232.1
451.4
8971.0
2110.8
1313.0
55.0
650.6
1058.1
7666.1
5216.2
551.3
19558.3
4589.8
10608.3
1567.7
1789.6
22568.4
2497.6
259.2
7138.1
6750.3
47574.2
2463.4
1490.0
1882.4
75.3
3205.7
5475.7
164.9
2692.4
68.5
3523.8
907.8
2382.0
154.4
1927.3
14363.3
1386.7
868.8
164.8
12924.8
7922.5
2666.2
2203.6
1506.8
441.8
2020.2
4536.6
4403.4
3570.0
1441.6
1685.7
5833.9
4424.0
4911.6
724.1
9685.9
9353.5
3404.6
1685.2
9338.8
1489.8
1489.7
1992.8
832.8
7607.4
3030.0
2752.1
5050.6
2467.5
1981.6
30419.8
14793.2
242.3
8882.6
969.2
4148.3
4302.2
2053.9
690.2
2616.4
1585.7
11.1
752.5
1602.6
1221.2
2727.6
559.2
5215.2
2450.5
6318.3
3818.6
1850.8
742.3
539.8
18326.8
1851.1
6528.7
4448.8
587.1
5477.2
3122.1
189.4
1711.8
5671.1
1047.7
11352.4
8157.2
97786.5
549.0
566.0
42396.9
2584.5
4171.9
2056.3
573.4
17593.0
1058.0
11152.1
359.0
3693.5
865.2
16832.0
1425.6
6909.7
2104.0
428.0
1971.7
5908.6
449.7
4151.9
7701.5
1456.6
11021.8
3705.9
853.1
509.6
76.0
1524.0
20973.2
1409.0
2159.2
1508.0
2621.7
4231.0
663.1
2391.4
4967.4
481.1
1724.1
1270.5
1032.2
33.2
1651.0
22924.0
28126.1
965.3
6154.4
1358.7
4088.6
1016.0
2988.6
242.8
749.4
8623.8
4388.4
3034.7
1810.0
3162.8
3035.7
3871.5
1327.8
1637.0
1676.2
1551.2
2449.6
8913.1
4490.3
1583.5
2382.6
35.9
4120.9
1869.0
1599.8
2207.8
271.4
38657.0
8972.7
2222.4
943.1
3428.2
3227.5
2143.3
840.1
4240.4
3943.0
1073.8
3095.4
8415.6
2622.6
1067.0
2859.6
2769.1
6792.6
4124.9
2833.6
943.8
2870.0
14418.4
2583.2
2020.2
3989.0
37967.5
859.6
29190.4
4841.3
869.9
181.1
4099.7
17342.3
710.1
1787.8
5153.2
1455.3
119175.5
5762.3
3959.1
12808.2
3046.0
13826.7
1417.7
2999.3
1172.9
4859.2
2159.2
4143.7
25493.3
8815.2
5477.1
2782.4
1778.3
66.2
549.2
42840.7
676.7
1510.0
6989.5
18382.0
1669.0
2720.0
35828.5
3391.4
3858.8
11210.3
4380.4
4186.9
1777.3
3498.8
3889.1
2724.0
972.7
428.6
714.1
5113.8
6282.3
1313.2
6990.2
2955.6
94960.3
388.1
123.0
4105.0
929.0
1200.3
2871.8
49502.2
375.0
4946.0
351.9
5026.4
19573.5
4380.0
426.4
10831.4
4654.8
930.9
6657.6
5217.2
574.0
2561.6
1337.8
1634.7
2125.5
5111.9
1868.9
3889.1
849.6
16651.3
12951.4
664.9
1809.8
12107.3
649.3
1058.2
1602.2
2497.2
22564.1
620.7
1415.9
2020.2
7726.8
135.8
16869.6
3496.9
12827.6
53916.4
8361.1
3567.6
3713.3
2840.6
6277.1
5178.1
43264.2
13994.4
540.3
13816.2
435.8
2870.2
7220.8
1882.9
4017.3
8811.2
6281.9
2871.2
4559.7
1746.1
5327.7
10432.1
1358.0
2045.3
2414.4
4696.2
665.9
1562.2
19577.2
97106.8
3210.9
5045.9
6124.9
3961.3
21772.0
267.4
4674.3
806.6
3112.6
4147.1
13977.8
3379.1
4103.8
6849.2
859.2
5358.6
3603.7
1652.3
1358.2
2931.1
2205.4
6446.1
4223.4
32430.0
465.4
2345.8
2765.8
16216.3
6342.2
1685.7
587.2
219.9
4478.2
226.9
4388.0
4797.7
8607.6
988.5
4863.6
1551.9
2382.0
672.5
22350.3
87.4
2138.8
32310.3
5839.7
7692.8
11678.0
912.3
1926.9
10659.1
38782.1
1908.7
133.1
11012.1
4696.0
2839.8
1546.6
788.4
697.6
1364.7
412.0
4557.1
1510.7
134.0
25333.5
777.9
60637.9
613.9
15994.4
2906.3
5602.5
690.4
3946.2
1358.1
1890.7
4717.6
1012.5
693.6
51.7
7577.2
2351.1
106.0
3343.8
819.7
9512.7
270.2
323.4
2749.7
3784.9
5394.0
1338.8
307.4
8625.6
1494.0
509.2
5493.1
16867.2
339.2
279.7
8599.6
5357.5
2468.0
707.6
1173.5
5272.3
1583.0
1637.0
339.0
3707.9
7232.0
481.1
2978.5
3125.3
490.5
3923.2
51487.5
16863.1
841.8
991.3
8702.3
28461.1
19540.6
407.2
3911.6
8065.1
721.8
3106.3
7506.7
2585.7
4033.9
10214.6
324.2
959.9
621.4
4826.2
21996.3
6085.2
33236.4
167800.5
1585.7
7939.9
18951.4
1120.9
3989.1
4851.6
8358.5
8554.1
3854.4
4085.6
958.9
3516.9
3197.6
1184.5
853.7
4100.7
1313.0
2267.8
3719.8
633.0
1099.7
677.5
14959.4
74602.2
3512.9
20.6
848.3
1194.9
1079.6
407.4
2735.0
1198.6
14.0
5216.2
3462.6
973.0
679.7
20238.6
3432.7
175.7
11138.6
11478.0
1470.2
6573.8
6432.0
6369.8
2010.1
23442.2
2020.6
1528.6
868.0
3512.8
19327.3
2923.5
2169.4
7737.4
2859.7
1524.1
240.0
4412.7
522.5
3207.0
3582.1
30872.0
2299.8
20148.6
95.8
6146.1
4004.2
1025.4
2057.6
232.7
3357.3
13804.4
5405.8
4149.4
351.6
1299.4
1874.1
2885.7
267.6
1524.0
4050.8
508.2
4083.1
2151.8
4184.9
1140.4
13120.6
5076.7
11021.6
2160.0
1.9
1755.1
1972.0
5278.1
1638.0
1397.5
7681.9
8599.2
1940.4
5513.0
1058.2
2708.2
4586.6
8885.7
3491.1
7580.6
154.0
282.4
1730.2
9559.0
1236.1
8495.9
2928.9
14703.9
521.9
1032.1
3344.7
1090.3
1973.0
12984.4
614.4
20488.8
1416.6
62.6
4798.7
2169.4
329.1
4911.0
2519.0
4887.2
2586.6
1347.3
5447.2
10553.0
28512.6
881.0
11576.8
3605.7
13511.1
508.3
2143.4
2169.5
2878.6
10988.1
12921.0
908.0
4695.4
2343.2
10551.4
1259.8
134.3
3206.6
426.0
212.3
196121.8
848.3
7190.4
13039.0
1494.0
2988.0
674.0
20289.6
2870.6
4658.2
51077.6
3343.8
26.9
3254.1
965.3
3032.9
12.1
4991.3
1635.0
1024.8
5890.6
3238.5
4617.4
4150.8
26220.4
1411.6
5397.0
2869.8
5328.0
282.4
1738.6
1777.5
161172.1
5415.0
912.0
1604.7
17940.4
1767.7
3670.6
3373.4
10988.3
7939.0
7813.2
4050.2
750.2
9413.8
1500.8
8555.7
6084.7
2914.7
3549.7
919.1
9299.7
4305.3
2342.8
21709.5
3915.4
196121.8
295.7
99489.3
991.3
7053.2
1456.2
12.9
3302.8
1185.7
2720.6
143.7
1604.9
10950.4
3674.8
11013.8
1212.6
8305.5
3888.3
2468.6
29614.4
669.1
4120.2
4642.3
3980.5
2607.5
2466.9
4149.0
788.3
1299.6
1888.9
3208.2
729.8
1990.2
7678.9
2988.4
3863.1
2765.8
5527.5
1202.9
621.6
5386.7
1585.7
1494.0
1294.6
3265.8
2206.8
21398.4
4433.9
1870.8
5690.8
8408.0
3959.5
80721.0
3105.2
5167.5
2254.3
2981.0
1987.1
7930.7
930.7
7134.0
2968.0
7139.4
5915.9
365.4
486.4
4518.2
2905.2
6602.2
503.7
20685.3
12251.7
1973.0
342.9
5910.4
2999.0
1981.2
8938.5
6849.6
3786.1
119.4
24.7
2205.4
8419.3
5144.0
6194.7
698.6
1685.7
931.9
6002.1
3015.1
966.4
1806.6
3463.1
2015.3
119.4
4968.8
426.4
1040.1
6022.9
2477.5
4536.1
14053.9
22005.8
2582.3
6710.4
5028.3
71.0
22356.6
3297.7
4898.0
2412.9
2104.2
1216.8
12121.9
3344.6
2571.9
42634.8
2781.5
1376.8
22977.6
4050.0
2470.5
16151.2
1098.9
2331.6
46279.4
34.6
1074.0
3987.0
109.2
1395.8
11367.5
57.8
1126.2
2207.3
7911.0
4407.6
522.0
68.4
4477.8
4468.7
1711.1
1328.8
53942.6
1585.8
1716.4
4931.2
2620.9
1417.0
804.0
97168.4
2720.1
883.7
540.0
5784.0
4239.6
1358.1
5324.7
8157.5
2764.8
8825.9
971.3
7908.8
13844.8
2760.6
9661.5
1825.9
1810.8
275.3
793.7
4964.2
11213.0
1278.8
16207.7
8871.9
988.3
616.2
2998.0
1347.6
2517.9
1399.4
2550.8
316.1
1307.9
213.1
4990.4
2254.3
267.9
4.4
690.9
761.6
1139.1
2094.9
13852.7
24.7
6342.6
4240.7
46957.1
822.1
15441.5
12354.6
761.6
1601.4
2658.6
8226.6
1420.4
3890.0
1398.5
72721.9
2607.6
2156.7
6451.0
279.9
671.3
2066.6
2562.4
509.0
2560.5
3263.9
5215.9
9323.0
6909.7
4066.9
343.0
7755.0
2331.2
8160.8
1038.6
108.7
35913.7
3749.9
256.8
101.7
46.9
10224.7
882.3
108.4
244.8
725.3
895.3
965.8
3112.9
4760.2
973.4
1660.7
5922.3
1123.2
6910.6
931.0
1674.6
4218.6
5923.1
1388.2
2871.4
6714.5
1653.5
2653.8
84.6
9517.0
7183.7
1391.4
2478.3
6085.3
4151.3
20276.4
3297.5
6005.9
1411.2
9599.7
11347.0
3391.9
7582.9
54269.2
972.8
9807.7
5323.8
336.8
154.3
3392.8
2587.1
35848.5
5765.3
7176.8
5414.6
3146.5
280.3
2735.5
481.1
77872.1
2870.5
907.9
1684.1
6058.1
3132.1
2331.3
788.4
11371.7
6735.2
5766.5
2751.2
16653.7
2437.8
11587.2
18326.6
7618.5
2211.7
3208.2
1251.2
3936.2
3673.6
7018.1
2156.9
5352.7
1973.0
1523.7
1489.6
68.8
907.0
1100.2
4800.0
477.5
1926.5
7670.7
1851.0
2737.9
7984.0
480.7
553.2
11218.5
5623.4
1428.7
11436.4
1719.4
10400.4
2877.2
8296.5
26161.6
865.4
21840.8
2134.8
8508.8
8624.1
626.1
2484.6
2796.5
8625.3
2266.6
5239.3
729.4
5326.4
982.2
608.5
1080.0
19320.7
232.4
6280.8
4829.4
1600.4
165.0
9446.9
3016.4
1203.1
3573.2
62.9
1433.4
19904.9
8625.0
1032.5
60886.7
21656.1
2863.6
4717.1
4016.7
4002.8
1134.3
2237.8
4939.9
7584.8
5356.4
1924.1
18693.5
415.9
1685.2
2870.5
1786.8
603.6
6347.4
686.7
6004.6
6715.3
4654.5
617.0
1134.7
13851.9
1844.7
1787.2
30220.0
5353.3
8181.4
1202.7
4499.9
3747.6
5961.9
416.4
8308.2
18102.0
12248.7
6450.7
709.9
2972.1
3673.3
3595.7
8933.0
5681.8
664.9
1594.6
2363.5
1754.1
252.0
396.5
869.0
5163.0
944.2
1768.5
614.0
884.0
89.2
14539.0
4021.9
1022.3
8224.6
19926.6
30338.7
2056.2
4841.1
5189.4
118.5
4223.4
604.0
1455.4
4655.0
2712.8
2009.1
3690.7
3856.9
2777.7
1466.2
1871.1
99111.3
788.2
10988.7
9879.1
4798.5
7580.1
3962.0
4898.9
5026.7
13863.2
7401.5
2678.7
2224.7
65475.6
3135.0
1206.2
1175.5
4964.4
6625.9
2662.0
6718.3
4017.5
5833.0
10206.7
3913.7
88.4
409.7
25456.6
4227.0
2054.0
5445.8
1292.0
685.9
20592.9
999.5
1212.3
688.1
95.3
959.9
1502.8
11648.3
2720.7
2352.1
1175.9
3707.4
780.2
24.4
15216.6
2859.3
204477.4
3570.0
2014.0
7109.7
4734.9
1011.4
1199.3
10335.2
4614.6
1470.2
12944.0
10827.0
2792.6
2262.6
4536.8
873.3
709.9
722.1
7230.9
1349.9
561.2
2752.5
8555.3
2748.1
5910.4
6905.8
469.1
82737.5
929.6
3391.8
6497.4
16385.6
2009.4
2350.9
663.7
4067.9
6450.7
30989.4
3148.8
38695.0
868.3
195.4
2361.0
2709.1
362.2
7844.3
4388.1
394.2
3999.9
2218.3
4.0
721.8
6083.6
959.6
7018.9
1194.9
6431.9
2207.2
5152.4
2616.9
679.7
409.2
7668.5
2077.0
8557.5
155158.0
1385.7
2471.8
10206.7
4456.2
1484.1
10938.4
9564.1
1489.7
4658.1
2102.8
20421.8
1449.9
3536.7
2104.0
3543.0
13215.8
2426.1
8107.7
394.1
561.1
276.7
160815.6
6947.8
1909.3
18948.4
9564.0
882.1
1982.2
21808.0
1856.5
4184.7
30869.2
12614.9
3424.3
2254.3
13231.8
1198.5
4892.9
936.2
11351.6
1908.9
19288.0
6749.9
5694.0
5927.6
3467.3
413.5
9509.4
1258.6
9572.5
1266.3
2956.2
1122.2
19310.7
40.3
428.1
263.8
2342.8
17323.0
3322.4
832.7
12822.7
10221.3
2765.8
134.1
12252.0
613.1
18693.2
2110.8
10612.4
20837.7
8430.7
9981.3
282.6
7584.3
1684.2
7161.2
3433.6
32.7
8963.9
23457.2
860.0
3704.5
766.5
18780.0
1901.7
1211.0
5505.2
4388.5
5026.4
4258.8
77495.4
536.2
1398.1
16424.0
9656.7
7723.8
386.4
54.6
2697.0
1585.7
1090.1
1890.4
7921.1
16341.6
1552.6
10982.2
2658.5
1971.6
1982.0
3870.4
12690.4
193953.8
1754.9
6188.9
3343.4
9799.6
9212.1
2352.3
2760.1
95929.5
710.0
7809.2
6053.0
2918.8
5454.4
1265.5
1004.3
1900.8
30825.0
1455.3
2059.9
3154.6
969.4
11356.5
9891.8
19579.7
4034.3
10020.5
4479.8
1082.1
574.6
3673.0
8158.6
1974.2
2499.6
7408.9
7606.5
1605.4
1214.2
689.5
74208.3
502.6
2057.3
5595.4
1634.9
7446.9
3382.3
458.1
5507.0
4191.2
2906.6
10328.6
6488.0
13192.4
16832.0
69.0
2551.7
1855.8
1863.6
13869.1
32514.3
37498.9
1915.3
354.2
4796.6
7386.8
6597.3
1398.9
5189.0
8599.6
881.3
501.9
1073.3
614.0
1026.5
6445.8
5188.0
21192.8
3722.1
38749.5
1635.0
14664.1
154.5
218.4
1856.9
9019.1
4407.7
1031.9
30469.4
6246.2
16656.2
9805.5
426.0
1675.4
60976.4
1950.0
987.6
50.1
3891.6
508.3
1972.7
19877.7
232.0
97.0
17.7
35913.9
335.8
108.5
1746.1
1900.1
2672.7
2918.6
932.1
5921.8
11016.7
1265.8
12994.4
13498.8
756.4
3013.4
1634.6
2712.8
3475.8
17952.8
14492.0
3670.9
1549.5
6233.9
9093.5
4841.1
6276.0
1620.9
4470.7
5385.0
4292.0
2059.8
9804.7
1199.1
209.0
3088.8
8157.0
2249.1
5097.0
2124.7
11493.9
772.0
54035.4
5681.8
5029.3
5152.8
1807.6
10609.5
2568.4
125.4
2691.0
4261.9
1818.1
6433.9
378.1
5541.2
4914.0
6403.6
23115.9
832.6
7101.5
551.8
11015.2
338.8
213.3
26209.0
6448.9
1980.8
3183.0
1601.6
2331.7
2616.1
14418.4
2666.2
4967.9
14144.7
1171.7
4674.6
349.0
1111.7
4032.8
1009.6
32665.5
1450.0
447.8
5813.0
7618.2
9817.2
12264.1
1975.1
4022.3
2607.4
76.5
4476.6
133.9
4035.0
3135.4
1131.8
305.7
10337.6
522.1
1510.3
1999.4
135.3
14.5
7801.4
1524.0
30019.7
228.3
11493.2
1856.6
1546.0
89.2
1047.9
1560.6
1194.0
74412.2
2015.4
2103.7
6450.2
6000.7
4865.1
1545.6
1693.5
6193.6
1821.4
3446.8
37977.6
765.7
8215.0
5356.4
14615.7
5491.4
3604.8
1563.6
1851.0
2551.6
4185.9
1089.7
263.3
4698.0
5383.3
4034.2
1289.8
1596.7
1012.8
158.7
3516.7
5838.8
2905.3
1745.5
258.7
9015.3
2617.6
5027.0
45784.8
896.0
99332.0
1090.2
2915.8
2362.3
13516.3
3233.3
17600.5
3615.4
1638.0
5474.6
1949.8
2846.3
11801.1
6369.4
18775.2
6188.2
17.6
241.1
1642.5
5966.2
3351.2
19824.4
3231.5
15458.5
1972.0
804.9
1358.0
1001.0
1901.0
4412.2
1390.7
1089.8
1981.8
4226.4
1358.1
2381.6
4486.8
3636.8
1765.2
161.2
199.8
779.8
2813.8
8733.5
4558.3
2169.9
2915.7
2662.0
6657.0
981.7
1720.6
1497.8
1155.2
23565.1
771.7
1583.6
5187.4
209.7
738.3
1834.4
4798.1
1015.9
6451.3
13831.7
316.4
2835.8
30391.6
424.8
805.1
9685.9
1015.6
613.0
5239.8
3263.9
3568.3
4802.1
6944.4
2764.4
2607.5
445.8
2331.2
27859.2
1524.0
2415.3
60695.3
574.4
4468.8
3413.4
2919.1
8824.5
2282.9
959.0
894.3
6760.0
865.6
772.2
6193.9
1454.8
822.8
9020.7
772.0
2223.2
563.0
2014.0
1506.6
51.8
5451.2
1090.0
392.7
540.0
1313.0
4385.7
966.8
182.8
5355.7
7177.5
123.4
673.6
8355.0
1079.4
179.0
4426.1
1595.8
2735.0
1634.3
3552.6
9108.5
2485.0
2424.0
912.0
4119.2
4102.8
822.4
3208.0
4659.0
14.4
17326.1
99003.3
919.9
2612.7
1780.8
212.8
7101.8
1638.0
501.0
38649.2
3517.6
4649.7
1605.4
451.6
2283.2
8978.0
200.5
2847.3
63.0
76.9
874.3
4993.4
2380.8
4447.0
1492.1
242.5
3411.8
1927.1
339.2
1317.4
4698.3
4626.6
3812.4
15183.4
38645.6
256.0
489.3
1125.9
936.4
4411.9
375.3
3315.3
6712.8
1153.5
6344.2
4505.8
1090.0
696.9
368.8
483.8
24206.8
286.2
229.0
1449.7
8626.2
2748.6
6555.8
3297.4
62.2
2329.6
4663.8
96311.1
3034.1
8214.8
4615.4
2194.0
8112.3
1489.9
7733.9
540.8
3312.2
5325.1
2803.1
163.9
2352.8
3306.2
12606.0
1021.6
425.2
885.4
4994.1
1184.3
1078.7
819.4
849.6
574.4
4717.1
4305.0
1268.3
3923.6
1265.4
5175.5
28343.6
2328.4
2775.9
2499.6
161.0
1643.7
189.5
1411.8
2921.6
10369.4
1971.1
3153.6
9661.5
256.0
1321.6
342.7
1313.2
1697.2
406.0
4963.9
1279.3
3552.2
5049.9
2833.2
2568.5
29587.1
707.3
83822.2
2391.8
68.3
927.4
1880.9
8598.6
4665.5
29818.0
714.7
10839.3
1531.4
2589.4
47.6
6001.9
1172.5
714.1
123.0
76.8
487.7
252.4
60977.9
2870.0
1617.4
214.0
3542.4
2847.7
9664.0
5768.2
1892.4
2051.0
214.2
1173.5
1617.9
1492.7
549.2
2332.0
3461.7
4016.7
7046.9
3314.1
12347.8
944.9
1032.0
4672.1
30826.3
4865.4
6236.4
264.5
7614.9
27212.6
6708.9
330.0
4190.7
2416.7
189.3
2445.3
2919.6
3154.2
1046.3
8624.3
1376.6
4988.6
362.3
365.4
10860.1
830.7
17915.4
8488.2
3569.6
1583.6
12322.0
8104.5
154.7
565.1
1417.2
1015.1
528.9
12989.4
143.1
1865.1
12102.6
2432.0
307.4
5162.7
664.7
7018.1
641.0
1654.0
1071.4
540.0
4851.5
803.5
394.2
819.9
34505.2
5262.2
8996.0
3748.1
427.5
5923.4
242.1
1510.5
1498.3
1870.8
16832.0
12944.6
12915.4
1280.1
5760.1
2128.2
4866.9
1524.0
3999.0
21764.5
380.3
722.6
1634.1
1143.3
3662.0
1328.9
22514.7
324.4
3517.6
944.9
5215.3
19311.6
5215.6
935.2
1245.9
4388.0
5151.0
6944.7
19577.1
661.8
9512.5
1500.6
4931.8
19295.0
690.6
1683.9
197.6
16752.9
1697.7
8299.2
1786.4
4209.5
9657.0
6955.9
3332.6
3605.1
5965.0
18.2
13508.8
534.8
1184.8
14.6
35689.9
3541.0
167.2
2323.8
1634.9
4003.4
1292.2
1807.4
2415.8
3045.6
2169.3
3324.7
82926.3
3173.4
153.3
270.3
6988.2
669.9
2450.5
3307.9
668421.6
1650.2
4927.3
2001.5
5174.8
15191.5
916.7
9118.6
1033.2
5163.6
5821.1
29287.0
8065.1
2233.7
2350.9
575.4
4380.7
2877.0
968.2
9978.3
8.0
696.5
4240.2
3474.8
1392.4
2471.9
3614.7
23488.2
1212.6
4970.0
661.1
1058.0
5492.3
407.2
742.3
1551.1
3369.1
346.2
2748.6
1869.1
502.5
3720.4
1433.7
3716.7
89.1
3208.4
1269.2
3297.6
10205.6
9393.7
2434.4
108.2
354.2
5416.0
4103.7
883.7
4591.2
3431.6
4824.1
4664.0
1157.8
3637.0
6282.5
30273.7
650.5
30308.2
54.7
1292.1
3871.4
10228.2
841.8
10797.5
1212.1
3500.8
88.6
1915.1
4259.6
4988.1
920.6
1900.0
2138.1
2738.1
45447.9
3207.1
885.1
821.9
10407.5
1291.8
49652.6
548.9
3912.9
604.0
991.3
2634.7
5242.0
1321.6
307.1
4033.7
3445.9
3256.2
2748.6
3944.1
677.0
491.1
2203.4
8599.2
502.8
3693.2
5784.3
943.3
12915.6
51.8
1137.9
559.6
4963.2
981.9
10330.2
263.4
1634.8
369.0
724.9
1144.8
2551.9
19589.9
17056.8
49734.6
2440.0
3542.4
726.1
3124.5
5276.2
1908.8
6180.3
1300.6
256.0
2748.8
23016.2
12996.5
6597.9
3472.5
1299.4
7837.4
15160.0
1090.2
2464.8
4.0
2002.1
19558.8
2209.1
2846.3
1667.9
4240.0
1868.8
1300.8
38741.9
15238.5
4134.1
1184.9
2724.1
8560.3
2206.7
8882.3
1468.4
9406.8
2236.7
18935.4
14418.4
1970.6
2653.8
1846.4
324.3
2921.6
12987.8
3659.1
14049.4
2727.9
216.3
622.5
1619.9
226.8
7495.8
6324.6
307.5
5261.6
30711.9
4851.8
4233.6
51137.1
865.1
1155.9
12363.2
5389.3
5928.2
8068.0
724.1
5406.5
13379.2
6191.2
636.2
2056.2
634539.7
1722.7
9654.6
621.4
3295.6
714.6
1782.2
14.2
4589.8
965.3
2537.9
7139.5
1528.3
5784.0
2254.4
5584.1
1201.5
6736.7
1133.6
7495.0
5467.8
2870.4
4665.0
1235.1
5413.4
2111.9
1079.0
1309.3
5942.2
865.2
2343.3
5784.7
1771.0
124.7
10845.0
68.7
5407.5
4813.2
3961.5
559.6
5786.1
4152.0
1780.1
4042.0
2807.0
16622.5
3306.5
5525.8
1982.9
859.4
11210.3
21820.2
2139.2
1597.3
7135.7
13821.2
51595.9
27926.0
1540.8
7993.9
6956.5
1684.1
2068.0
7138.9
2312.3
4536.4
4701.0
2298.1
13138.7
397.0
3210.7
2159.0
368.8
5818.6
3597.1
3513.5
38712.5
210.1
365.0
1299.6
2389.4
200212.3
574.3
7681.5
9419.7
3392.6
2967.6
252.2
1241.1
2267.1
3112.7
1974.2
180.0
7484.2
14500.4
336.7
294.6
4457.6
33528.9
6800.4
4586.0
3253.7
5839.3
2273.4
38130.9
874.0
99261.0
3123.3
2678.2
651.0
2352.4
6407.2
2117.6
5217.5
3308.6
915.7
34417.3
4105.5
1489.7
237.3
4298.1
1250.3
298.5
34519.8
21279.6
2797.5
2351.1
338.8
5545.7
3513.2
7680.1
709.9
3520.2
6198.3
242.4
4824.6
14549.0
10549.2
4853.4
3196.3
4088.2
5888.9
6179.2
26990.5
88.6
3985.9
2222.5
8971.4
2152.1
7921.5
2600.4
42606.0
30711.9
7299.1
239.4
5469.2
13379.0
1202.0
1637.0
7731.2
9975.1
1689.3
753.5
10401.3
6548.5
453.9
2737.0
427.8
46130.7
7237.2
2759.8
3733.0
4469.1
2858.5
8493.1
20442.0
2782.4
1011.2
454.0
1135.8
73263.0
32316.1
3691.2
826.1
5839.5
4800.0
3690.9
1972.7
1583.0
1932.4
48070.9
16208.5
23526.8
53994.0
6081.7
17905.6
1837.5
5968.1
466.3
50.9
6562.8
256.0
2629.5
1932.4
24578.7
2330.2
522.8
5241.9
210.6
16441.5
136.0
3871.7
96116.7
86.3
95349.5
2391.4
3550.0
16881.9
6053.0
6181.8
8933.2
1721.0
678.8
2828.2
1012.3
243.6
3130.9
4013.7
6104.5
3523.9
1783.8
3923.8
29705.8
22344.0
14097.3
4649.6
8881.1
17621.0
3226.1
1184.7
9983.2
1710.4
3864.2
972.6
4502.1
2463.1
24173.8
2027.8
5838.7
237.2
2301.2
5210.3
1433.7
4385.9
396.8
1012.1
2217.7
358.9
280.8
1789.8
841.8
1229.7
96.4
1807.4
35680.6
10025.5
2008.1
3553.0
10027.6
1240.5
958.9
16804.3
2352.9
121382.0
3199.1
852.5
2919.7
4413.1
663.1
7180.7
51553.3
10833.7
12622.0
1513.5
2877.7
17727.5
960.1
951.4
3180.1
119582.1
5200.6
294.6
4695.2
1857.3
7135.2
15992.4
712.6
799.2
951.2
4658.4
10595.6
20895.4
973.1
214.1
1073.9
1399.7
2390.6
2143.9
873.9
209.6
949.0
1857.2
160.9
5273.1
346.0
242.3
1507.1
2928.8
13836.2
19912.5
368.9
2869.6
685.7
1090.1
11012.1
74571.5
5963.6
4015.7
8597.6
1949.0
3030.9
304.7
841.9
6446.4
912.8
3088.2
771.7
5234.9
15205.8
9447.6
14034.0
394.5
6792.1
912.5
501.0
777.5
3324.6
1157.3
19523.3
1376.9
1172.6
17347.7
6799.1
7597.6
2068.9
13377.3
2561.5
10366.8
4244.2
19312.2
264.8
3164.1
4614.5
5540.8
4016.7
1971.0
614.5
762.1
15814.1
379.2
4244.2
85627.4
408.9
51267.0
11.1
1620.5
4122.2
2457.2
1734.3
4967.9
11581.5
980.6
3200.3
2898.3
512.1
2111.0
427.8
307.4
787.5
346.3
1868.2
264.5
19319.7
509.7
2472.7
1524.0
2737.5
1328.7
522.9
21998.7
936.3
6014.7
943.7
3113.6
1926.6
485.3
4985.6
574.6
5146.7
10345.0
1675.6
5199.8
18758.3
2086.8
1201.9
4659.1
5151.8
1531.0
1483.7
226.6
6146.6
4001.3
12814.7
1320.7
167.1
4320.4
3435.9
12682.1
20476.2
2146.3
1780.8
2885.7
1105.2
7231.9
25.0
3225.7
2242.7
1259.8
2895.0
806.1
673.0
964.0
1295.3
11599.9
18740.3
2568.5
3415.1
3999.9
771.7
4796.8
20439.5
1300.8
15454.5
14747.2
2573.1
2925.4
580.6
125.7
490.4
771.6
2.7
6085.0
5603.0
1927.0
123.0
9549.6
4646.8
4519.0
3605.8
1604.8
10121.8
4366.8
10195.4
6003.0
849.9
335.8
10197.4
13498.8
4479.9
3371.4
3196.4
391.3
4650.0
2521.7
5822.6
2972.1
1322.1
187.8
4259.3
3855.7
4497.8
2001.1
6735.2
3512.8
4365.8
4388.0
4104.2
6502.5
16258.3
1313.0
1814.6
4232.7
14797.1
757.7
8556.4
1683.9
4386.9
6838.2
46.2
6452.9
1364.1
906.5
2653.0
3344.0
32384.7
95.3
7100.6
14.1
125.6
27194.9
2352.9
392.4
549.2
981.1
4379.2
180.4
5909.9
18239.2
6234.5
552.2
255.4
34378.7
1582.8
61204.6
84724.8
5763.7
2160.0
1187.3
1642.6
2993.0
3252.8
5393.2
2571.7
4771.4
3901.3
9599.5
7913.1
4320.4
2143.4
2046.2
4518.6
20302.4
49693.6
6053.0
5784.2
6368.0
4963.8
13498.8
4928.8
1489.8
739.1
2870.0
1856.7
294.3
6634.9
2878.9
1365.4
3603.6
1039.6
1970.8
1605.2
2127.1
169246.3
368.1
1470.2
1410.9
210.2
928.2
1753.7
2552.4
3808.5
1131.0
3543.0
2748.4
1953.9
40.3
1079.5
818.0
1347.2
3404.3
1044.5
18002.5
605.1
7277.9
70.7
180.4
848.4
7232.2
4404.0
2759.8
6193.8
13388.2
216.7
1720.2
7458.6
1364.1
4673.4
3541.0
2411.9
52.0
3869.3
1790.1
3106.1
352.2
2477.7
4241.3
30688.4
264.5
2410.4
1287.8
7912.6
753.8
15434.5
3134.9
3810.8
6016.5
391.4
51487.5
160.6
84.1
4227.2
1863.6
9411.1
19127.2
3962.2
2254.3
76.0
7383.9
4566.6
2234.1
4934.1
5214.1
5693.9
7271.4
2293.1
14402.0
45863.7
3523.9
28245.2
6193.4
1901.2
4456.2
929.0
617.2
4489.6
83377.6
1746.1
920.4
97.1
10118.4
1241.1
2057.0
11356.1
949.0
19955.5
4913.1
642.9
60776.9
4558.8
2124.5
7809.0
710.0
123.0
7275.3
10522.3
1138.8
1433.4
1288.4
4042.0
5175.7
546.0
1376.8
2573.0
4885.4
415.8
2870.6
960.1
973.5
1307.1
8973.0
2212.2
340.3
3869.7
47.5
15908.4
2009.6
26276.7
5958.7
2056.2
180.5
1791.3
849.2
394.5
10648.1
5394.3
870.8
4699.2
710.2
180.1
2351.5
62.9
96.0
9318.1
5478.0
2572.2
679.5
35928.9
1375.5
561.2
1425.7
2003.8
7833.2
1363.8
1685.3
5027.7
6328.6
6512.1
1441.7
4087.0
77340.7
4403.8
3713.8
19542.1
848.6
13.2
83.9
3713.2
4172.5
4963.2
4664.2
4479.5
1594.6
6999.2
6433.9
1651.2
454.0
4120.2
4444.7
1869.2
2601.6
324.4
108.4
4387.2
820.7
15462.0
912.0
4468.5
6004.0
1211.7
2622.0
2015.7
5189.5
3205.9
9510.2
13879.4
6028.4
1484.2
396.8
16873.9
307.1
725.9
229.1
4014.2
756.4
14910.6
4294.4
1697.7
2053.4
884.9
1033.3
620.0
865.1
446.9
3517.1
11609.5
6514.6
4863.5
7584.4
1790.0
2382.4
1045.4
5357.9
346.3
48.2
10367.6
3912.1
19593.0
42512.8
2044.7
4466.7
437.0
3226.6
17587.5
2835.6
8837.3
5492.3
1116.5
1400.7
2567.9
2082.8
7732.3
981.6
2802.4
2766.7
1492.8
3463.2
10596.1
2059.4
1014.7
1799.4
3232.7
1377.8
106.0
1620.0
3985.1
4305.3
481.0
881.3
1524.1
2868.3
6276.7
3721.2
1638.6
167.2
5584.5
4003.0
4026.0
6507.5
11193.2
406.2
6345.7
1295.0
2858.8
1199.3
5495.7
4750.8
13976.2
14647.3
1530.4
917.9
21749.2
1003.8
6489.7
1045.3
3742.5
10836.4
2223.4
6800.4
35917.8
7025.2
11874.4
5087.1
9655.0
777.5
2837.2
2484.0
3632.2
2583.1
4363.2
1317.4
3475.3
47.8
1706.9
453.3
12952.0
5381.3
5176.9
1508.0
1300.8
155.0
5212.8
7135.8
5175.9
232694.7
1982.6
26234.1
12814.7
12349.8
7378.7
2862.5
2798.2
425.2
3061.3
2869.0
6370.7
124.2
8303.8
1698.5
345.6
345.5
4305.2
2011.8
20525.0
580.4
54075.2
1661.7
16570.3
1992.4
2364.9
78.1
3298.1
427.5
22996.4
3252.2
102.7
12255.1
5477.2
973.0
5940.4
2806.8
1683.9
663.2
454.6
283.6
2152.3
18332.3
10526.5
1864.2
2463.2
4898.8
1144.2
791.0
95.1
1822.2
912.0
5820.1
2450.5
1134.4
216.2
4866.8
926.0
8306.6
345.8
8191.3
2780.6
4104.1
2859.5
2674.1
1376.2
1030.3
2887.8
3960.9
6946.6
8160.8
454.7
485.1
6804.9
3391.4
5174.8
8738.4
76.1
4244.1
2685.0
1241.2
2769.6
3524.1
1425.5
1810.4
414.0
3676.0
2500.2
9213.4
1059.2
960.6
12102.0
1721.5
1974.0
14.2
3208.0
2254.6
2553.3
45788.3
1800.5
6121.2
364.9
4413.5
19316.1
1684.2
1489.9
1695.1
2343.1
1524.0
5385.6
2010.4
2748.8
12817.8
1844.3
10642.6
7985.1
31883.2
17292.6
3113.2
7735.3
2059.9
5678.1
9654.8
1932.8
4467.9
119616.8
4858.3
1104.6
1076.2
75638.5
428.1
25705.7
31009.6
739.3
1073.5
4519.0
2538.3
5923.1
1337.7
20686.0
11360.3
82744.2
1524.0
4991.6
822.9
1130.7
282.0
2458.7
36.4
5433.6
1328.4
935.5
19949.2
865.3
18113.7
1260.3
2678.5
950.8
5053.7
6345.0
1104.4
4210.0
7.8
29977.8
710.0
306.2
2565.8
5922.2
538.2
12602.5
96.9
2120.1
920.6
1138.1
1507.4
298.5
14175.5
5922.7
16804.3
5444.9
1244.6
1770.3
870.2
2519.3
1285.6
8596.0
3991.8
1894.4
916.5
650.6
2361.7
10224.7
19863.7
926.1
345.2
1110.3
232.8
3784.9
3945.4
483.5
8735.7
2660.4
361.6
14418.4
13393.6
2321.7
566775.9
4307.0
345.7
9657.7
181.3
587.1
5356.4
1502.7
3671.2
2886.0
3446.2
64791.8
30091.5
35845.6
2076.4
2393.1
4918.2
2880.7
103.0
3089.0
4087.2
306.9
2738.0
2967.2
2808.0
2859.5
20334.1
307.9
721.9
17.9
345.5
1194.1
1789.0
4913.4
1200.2
4583.6
14410.2
275.3
3749.5
2763.5
13386.9
4905.4
1869.0
4041.1
14770.1
2500.7
19799.6
25.6
33.0
9511.9
4695.7
2117.8
2273.3
1059.1
725.4
7910.8
3662.0
427.7
18628.2
540.3
1869.2
1927.0
64346.9
1431.9
1240.3
1321.3
34514.5
7004.6
2111.0
45614.3
99008.4
4273.4
434.3
22346.6
282.6
28050.9
3330.9
1221.9
2728.0
415.0
7278.2
1300.8
7538.6
27208.2
1039.5
21500.0
8.2
1737.1
3392.4
1811.5
8216.0
108445.0
981.1
1637.0
2751.7
1083.0
3465.7
2365.5
5681.2
2629.5
12337.4
156498.8
1443.1
14139.8
393.9
2818.4
1927.0
2411.9
9515.8
6895.3
4989.0
641.2
739.2
1455.1
4605.0
626.8
189983.5
2569.3
4159.8
820.7
2382.6
1105.8
7467.5
586.5
2031.0
4658.7
1693.7
1089.9
5715.7
535.4
3670.9
2898.4
1746.2
2568.5
3391.8
355.3
2363.3
25262.3
3776.1
1332.6
1790.0
2100.0
894.2
5813.1
8553.6
906.0
46884.1
14402.0
2505.9
2416.4
29650.2
14715.5
2945.7
409.4
2102.3
2076.8
32639.9
1952.9
46.9
1090.1
299.1
119521.5
1132.3
1938.5
4088.5
6734.9
1287.0
2868.4
3516.8
278.0
1015.7
4300.1
8822.8
4424.8
2621.2
15239.3
20826.1
11817.7
4186.3
119.3
2534.9
70.2
2143.3
187.8
2847.7
1685.1
1450.1
2194.5
5144.9
6437.5
1351.1
848.1
16652.5
1134.9
2871.4
16832.0
3200.5
40.2
7374.8
20914.7
3900.9
20294.2
4153.2
3200.0
524.0
2248.6
106.0
11588.4
2629.0
739.7
324.3
18115.2
550.5
3086.6
1134.1
642.3
3552.8
10775.6
29566.8
232.7
2924.1
4772.1
5939.8
916.8
7149.5
14768.6
7581.1
540.1
1157.8
3263.0
99696.6
2146.0
2440.0
203.4
1901.0
5638.5
3661.5
4843.9
2802.7
847.2
52.0
7232.0
3745.9
1754.8
1650.7
2223.6
2944.9
712.0
26210.6
871.0
4451.1
632.6
1523.0
4664.5
780.0
7057.2
13509.0
1264.7
1546.8
5189.0
30730.3
18356.5
147.4
926.1
133.7
14.4
4152.0
3243.1
74403.8
36851.9
180.1
5102.3
18932.9
324.5
2015.0
1524.3
193.0
780.4
102.4
8557.7
10350.2
3046.1
8658.2
2060.6
3207.8
7163.3
621.0
2661.9
4841.3
1292.1
3012.0
18.4
2653.1
3373.5
1788.3
3331.4
1277.7
548.7
4480.6
1310.0
1312.8
4423.8
2660.8
603.6
2696.3
1103.4
5470.8
451.8
3010.0
38554.1
2565.7
4304.5
12346.8
1433.4
6590.8
26187.8
28184.4
5177.1
2060.4
739.1
868.6
154.0
865.7
8605.8
133.3
5049.6
2450.5
121416.7
122.6
7136.5
1067.4
6803.6
1455.9
2472.6
759.7
4737.1
18376.0
1689.3
6940.9
3708.6
1089.7
20157.5
4050.6
4469.6
3553.0
7222.0
1126.1
5384.8
239.8
3095.1
5287.4
4066.5
1094.9
3998.3
6234.3
2014.1
1338.5
7938.0
1102.2
11355.8
1328.1
4240.4
663.9
3478.0
3327.0
522.6
3411.2
1000.8
30716.9
323.7
3674.9
2458.6
191.5
849.2
3296.3
3007.3
1698.0
14310.2
2496.8
3412.3
3412.5
14665.4
4990.8
46072.6
10.7
2661.4
258.9
60.2
2143.3
388.3
1022.3
5631.5
1676.3
106.0
885.5
906.5
282.6
167.0
267.8
5175.2
2393.0
26246.7
932.4
5449.8
621.2
3575.1
441.8
663.2
2146.3
4697.2
1981.4
5925.8
7680.1
10844.8
374.6
226.5
1002.5
4150.1
10340.2
766.0
2324.8
2361.9
1698.4
3913.7
4102.4
3392.9
918.0
12952.0
20249.9
407.5
4243.8
1216.4
548.3
4185.6
6656.3
849.1
5821.1
2152.0
1891.7
9659.1
4386.1
272.5
2160.0
1455.2
2462.9
10582.8
4507.0
2054.0
1883.4
1066.2
19558.5
3053.6
1813.8
19312.3
8914.3
3712.6
2656.7
8399.4
2001.0
13228.6
9901.0
1978.8
1807.2
4455.3
1095.6
1116.4
10598.8
396.9
4913.8
3719.6
2672.3
1932.2
1786.8
1339.7
98360.9
28770.6
47081.3
35848.5
1501.0
5545.8
3032.1
729.2
4243.2
19559.9
7137.2
3960.3
1716.0
1106.1
42554.0
1312.5
2478.7
1200.1
6800.7
2769.7
9512.0
1594.6
7679.6
5393.4
23098.3
28789.2
2690.9
649.7
12317.0
848.0
9576.4
32555.5
9322.0
55.2
560.7
5357.1
1126.3
1689.5
926.4
463.7
228.9
158.4
1157.4
1883.1
11367.7
847.3
6740.5
2389.6
5699.3
3692.1
30801.0
8160.7
3870.0
726.1
3112.6
4016.7
868.6
10860.4
19949.7
1601.7
740.9
1287.3
1220.8
4960.6
4086.7
13880.0
6983.7
1308.5
544.5
6181.1
17356.2
3982.5
274.8
2807.8
3516.9
6634.9
7050.4
5574.4
3924.0
48132.2
133.5
776.4
29643.9
3751.3
297.8
3284.8
348.1
2500.7
3302.1
16386.2
8961.4
1809.6
3375.5
2653.7
3171.3
8818.4
2971.7
5028.8
5199.6
1936.8
336.4
76.3
296.0
2360.6
5163.2
2028.2
841.0
18300.8
1134.0
3106.5
1864.2
8055.9
1972.0
4605.4
57142.3
56901.3
2733.8
4815.7
5233.9
7107.6
15224.2
2151.9
2201.2
9575.3
8883.3
1980.9
4751.0
342.7
5189.1
7598.2
14383.8
917.8
13376.6
4305.4
3661.1
895.3
1537.9
2847.2
2748.7
108445.0
1408.1
1785.0
16881.1
4188.9
101.8
1401.6
3298.1
1604.5
880.3
581.4
2146.7
11362.0
1974.2
10196.6
108445.0
1015.5
1044.7
502.7
604.1
1358.5
35848.5
2.4
427.6
1406.3
994.4
273.2
6343.7
1205.1
3414.5
4.0
7991.5
2847.5
4751.4
1138.9
466.5
9364.8
13233.2
851.8
739.1
19290.5
540.8
10847.9
2437.5
2169.3
2605.3
3264.5
6322.3
3811.2
974.4
15179.6
1661.0
6793.4
1509.1
2053.4
8727.7
13033.5
2393.5
3661.4
208.8
2709.7
1366.2
1317.5
5704.7
4366.8
7390.2
1364.8
7724.7
917.2
5153.6
2144.7
4751.4
2684.6
3047.6
8093.3
6711.5
1601.6
7418.6
8.0
48.3
394.6
232.4
3915.9
5928.4
4839.8
1528.3
30828.5
2498.8
1807.2
2753.8
2656.8
6488.0
4654.6
1026.0
3374.3
256.0
4004.4
1021.6
88.6
3123.5
5816.2
7843.5
3729.9
4085.5
1893.6
5528.0
4016.7
1073.1
6013.2
5045.6
3353.2
710.0
1674.7
3732.7
2674.2
6018.6
96.0
1456.7
3331.5
1809.1
51520.0
2629.2
534.7
6323.4
477.3
1202.9
37468.2
369.1
6192.7
1168.4
337.0
34112.8
5234.9
342.9
2144.5
2898.9
2496.6
4148.0
1456.0
3340.8
2051.5
3302.3
201432.9
4620.6
12952.0
2103.7
1331.0
1330.5
4304.5
2607.7
2552.1
8.0
28019.4
5381.0
2015.4
14859.7
4650.6
501.8
3689.5
559.4
15035.7
2660.7
5922.0
3032.9
17328.4
16835.1
4672.8
7139.1
408.4
8507.9
4211.1
1177.6
3206.8
4017.0
3513.2
935.8
2242.8
2484.6
1047.0
690.0
49661.8
3207.1
1216.2
2660.9
3673.3
21527.0
30986.6
895.5
2392.2
4380.0
4658.4
3034.8
1301.0
2507.1
551.1
6590.4
4583.9
1010.3
5145.2
1098.3
566775.9
1389.6
2729.3
17623.9
99559.8
5356.4
1132.0
2777.1
1219.4
1194.9
168285.8
575.1
4697.4
1111.5
742.5
5967.4
3210.4
122.3
788.5
5679.5
627.1
1205.2
342.1
12330.8
1675.3
1695.2
20167.2
848.2
3413.5
535.3
738.6
4649.7
449.4
1871.1
1377.8
9350.5
6504.9
721.8
7389.8
2918.5
17304.5
1692.1
5489.5
361.7
19290.6
1810.0
3889.5
23117.9
158.1
1089.4
4654.1
3179.1
23512.9
2972.8
27217.0
17307.2
4802.7
1340.6
60472.3
4800.1
729.3
1377.6
18805.7
12988.0
8360.8
13389.2
48.0
2582.3
742.0
25682.3
2360.7
2710.1
1001.8
1089.8
1719.8
7912.8
13395.8
4557.8
2044.7
1638.0
210.1
4322.6
5189.4
17798.5
1708.5
951.2
739.3
9366.0
10769.8
522.7
470.4
11468.7
4022.1
368.9
5464.3
1787.0
9600.2
57116.2
3633.2
427.0
8422.5
336.4
6368.1
2994.6
1710.8
2045.4
14099.9
374.9
2505.5
2769.9
4184.4
1727.6
31004.7
4842.5
1523.0
2076.8
20314.9
163.6
42656.5
24542.1
2331.5
665.2
3035.3
1863.2
232.3
365.1
1699.4
2288.9
2045.0
14813.9
2382.3
9801.7
5494.5
3208.0
792.3
877.4
3947.3
3184.3
3314.1
9316.4
12253.1
688.1
2362.3
3732.2
6576.2
10212.6
3543.0
50.1
9333.4
2111.0
2217.0
6737.0
6804.9
1507.4
2139.6
943.9
4149.9
39216.7
255.1
3372.3
4827.7
6015.0
5046.3
12471.0
616.5
1483.1
906.9
13880.0
2621.0
1066.6
5476.1
421.5
9402.2
565.4
20447.5
2870.6
3435.3
1942.6
1927.1
918.9
336.4
207.8
1675.2
161172.1
6746.7
11584.0
1684.3
7016.4
668421.6
180.4
4985.1
7981.3
11372.1
2585.5
3263.9
6151.1
1546.2
18009.3
1039.9
3162.0
6282.3
22862.9
4592.8
951.2
6451.6
5354.8
12609.2
1773.5
817.7
32506.6
9656.9
12346.4
1698.0
1308.2
1754.0
2364.9
346.4
3207.2
1790.2
286.2
88.8
8921.3
2382.3
4032.5
2629.2
108.4
3051.9
13852.5
349.0
9988.0
4700.7
1205.5
20683.3
2747.9
10651.9
424.8
26447.1
883.0
3654.1
759.1
865.2
780.6
3499.5
106.0
3471.3
109.0
7618.2
3914.4
6081.8
101.8
787.9
1782.7
3088.8
4800.0
39750.9
11015.0
454.7
253.6
26210.6
376.9
2342.3
2342.5
5499.8
2764.2
2895.9
1981.8
4412.6
14537.7
2934.4
8359.2
12911.2
1401.8
3379.9
2261.8
1285.4
8993.4
6909.7
17304.5
10919.8
42759.8
4948.9
78.1
8599.6
1442.0
2234.7
447.5
53243.1
2028.4
22371.4
3870.8
8558.7
4753.5
5996.8
1235.9
21414.8
8717.9
10798.4
849.9
2009.7
7491.4
452.6
17.3
89.8
1850.9
8818.6
7018.1
1527.7
1607.0
3755.8
6997.4
60195.0
890.0
3720.0
5346.8
204.9
1301.0
14561.8
1283.1
481.2
7808.0
5680.6
951.0
5954.3
4823.7
1788.8
1321.4
1710.6
3961.9
9567.6
3616.0
981.5
2753.2
7461.9
5152.9
2381.2
1807.8
6654.8
4503.0
613.8
3721.5
4610.4
1004.2
2720.5
130.0
1880.4
4185.1
2994.2
935.3
1308.6
3134.5
17303.7
3211.0
1775.0
4854.0
693.3
685.9
4627.0
3113.2
4902.8
1073.9
2708.2
1845.1
4405.8
6019.5
981.1
8821.0
42489.6
11371.4
3750.0
4140.0
179.9
11360.1
2223.5
8970.9
356.4
1560.0
29610.6
839.8
920.3
8300.6
1823.3
890.0
1766.4
1427.5
1126.0
780.0
82.7
5216.8
3170.4
164534.7
575.0
4149.3
10644.7
4469.4
1785.4
1800.6
1642.5
95731.7
3783.6
1158.2
1042.1
4035.0
3391.9
3998.5
574.6
4699.0
3923.4
47.8
12227.5
426.6
1229.9
16619.8
3676.1
7933.6
1941.3
1171.7
2143.4
23093.3
8.2
14559.6
6741.3
10795.1
3720.5
2205.7
162.8
3154.5
1949.0
4468.2
6433.9
822.6
20279.3
20452.1
49.0
7104.6
1426.7
2485.3
1260.1
136.1
3934.4
1364.8
1720.2
2534.3
702303.5
1483.9
2684.2
13202.1
2881.5
559.6
406.4
1745.9
4696.5
3899.8
8481.8
6368.8
7755.0
1786.2
209.9
1843.4
143.1
10126.1
102.5
2279.4
20443.4
4858.0
2458.2
4898.0
598.0
1755.5
33610.7
294.0
2710.2
1551.2
574.5
1575.7
1129.7
676.0
3011.2
5055.5
1456.8
7105.0
1058.1
7918.6
3656.0
10545.4
6002.4
8419.3
5328.1
2858.0
8412.5
15537.2
649.4
2020.0
1229.0
847.5
2869.3
20658.1
2748.2
519.0
20813.0
1773.0
6790.8
1585.4
64986.9
5189.1
154.5
390.0
2683.5
2583.1
5196.3
971.0
2612.4
2159.2
36032.7
7057.0
4322.7
5591.7
3296.9
5542.0
5445.8
337.7
3048.4
1868.9
200.5
17594.2
237.7
2156.6
3857.3
621.1
3873.3
374.3
2282.7
1211.6
3113.3
10974.7
9658.0
2724.0
859.4
3512.5
5882.6
2769.7
3961.1
1058.0
1845.1
7056.6
7839.6
6796.8
165.2
12919.0
3512.9
1331.0
3594.6
890.7
3391.0
6051.2
4086.6
4697.8
435.6
1857.0
3732.7
4041.3
2424.2
362.1
1301.0
7433.4
2281.7
2466.4
3524.2
883.2
14799.2
2014.4
15171.5
1620.3
108.2
9123.4
3427.9
2068.4
752.0
11018.0
380.2
952.4
6368.5
142.6
18929.7
57275.7
6902.8
1528.5
6155.8
926.0
154.2
1541.2
3212.6
11370.5
1017.5
528.8
2720.3
4696.1
3093.2
18685.4
966.1
2351.1
2192.4
8310.2
9660.3
21446.9
1284.4
3033.6
1524.0
920.7
197.7
2834.2
4025.3
749.1
6740.3
2468.6
8223.4
4695.9
4159.1
1807.0
30045.0
2277.3
5046.4
2943.2
3134.7
4985.9
979.3
26249.6
1790.0
5922.4
690.5
62927.5
4089.6
1916.9
951.0
788.6
307.9
355.1
7671.0
5047.6
202.2
535.0
1541.4
725.8
1083.3
1863.8
305.6
89.0
12378.3
2808.3
663.7
1926.8
1651.5
7542.8
14751.7
4448.6
1156.1
4388.3
3034.7
10130.7
1125.9
1949.6
7491.6
4824.7
3497.3
1498.1
8972.4
4737.8
65.1
19528.2
5513.9
4697.1
7930.7
3989.1
2744.4
2748.2
3008.6
1483.1
663.0
8362.1
1885.6
8660.6
1871.4
6179.9
4241.0
28841.3
521.5
11597.8
20662.2
1126.5
9413.3
663.0
7381.9
725.9
209.6
11582.2
6590.8
354.2
586.8
17328.8
6791.6
7183.3
342.2
528.7
805.1
2589.1
354.4
3494.9
3782.0
8491.0
835.5
9661.0
20482.6
60732.1
5028.7
951.2
1873.9
2482.2
2324.6
2957.2
1455.5
7292.5
1851.6
46315.6
2057.6
19320.5
650.9
55.1
1090.1
88.9
5147.8
5326.3
2930.6
3094.6
614.3
1409.9
2470.5
212.8
20510.9
850.3
8690.7
14060.5
4802.3
1619.2
1198.4
18796.7
315.8
649.5
98399.5
4002.9
4664.8
227.3
241.2
3089.0
4873.0
2505.6
122334.0
9441.8
5173.5
2537.4
1216.5
2581.4
3960.1
4467.2
5211.9
7838.2
5176.6
286.2
14.0
1041.1
1810.9
1139.4
99219.3
4425.6
2920.2
575.3
651.0
1528.6
1890.2
2566.2
1827.4
11212.9
8719.3
2352.7
991.0
1972.0
1211.8
5325.1
97253.2
196.5
7232.2
4263.0
1156.0
2234.8
18765.7
3457.7
13506.5
2566.8
783.1
13506.5
4589.2
17303.4
1039.9
1638.0
4564.7
1182.2
9551.5
1982.4
9238.7
164.9
266.5
2160.3
1637.0
2769.1
3653.4
197.6
1132.0
1710.1
4444.1
9185.7
490.4
4086.0
13538.0
6795.2
3812.4
275.5
2666.2
974.3
3962.3
2086.9
108.9
2879.0
394.7
780.2
1987.0
21820.9
943.1
4403.1
18362.1
4615.1
2362.1
1825.0
1387.5
38947.8
927.2
681.8
752.1
8354.0
1199.8
3088.8
3085.2
218.9
1399.1
4519.0
1601.4
8355.2
26980.4
1070.7
3613.1
34565.0
2802.8
60777.5
4753.7
6282.6
40.6
6449.0
9736.0
10845.0
2328.1
3262.1
9109.0
5490.1
1236.0
3371.4
1080.0
1340.1
30854.9
17058.9
34318.7
297.4
874.6
4615.0
96.7
1574.8
6861.0
2327.9
1455.6
5638.1
2520.3
3871.4
410.0
259.3
1513.0
2497.3
697.5
1714.2
2995.6
23746.1
27251.0
389.1
5028.2
2254.6
626.9
4232.0
27220.6
3393.0
2343.0
5175.8
3323.4
2298.4
231.7
1058.7
4016.4
2152.2
26262.5
8819.8
345.3
4239.3
5785.5
259.4
2769.0
3785.2
912.5
78.7
3275.0
152414.0
355.5
1171.5
2559.2
9110.3
9657.4
174761.0
1032.3
4456.2
5431.8
2260.0
633.0
550.6
5681.6
51192.7
865.2
1058.8
1619.2
920.6
214.0
7579.2
12946.8
18246.0
1787.5
2060.2
1633.7
4064.7
14508.6
8360.9
2566.4
4970.0
1942.3
1753.8
6554.0
295.0
9666.8
10851.2
523.5
1082.1
4561.5
12626.7
24.7
3.1
580.5
6007.1
48165.1
10360.8
6712.3
54.9
200.5
5234.9
10373.8
5359.5
3495.8
9516.7
195.9
6858.6
1981.3
3660.3
2933.9
1321.9
1266.4
2012.2
8624.1
16804.4
780.4
3174.0
1668.3
9298.1
4081.4
2273.3
6852.6
5144.9
3543.3
6023.2
691.0
1559.0
982.0
6575.9
6520.4
271.4
6020.1
917.8
2971.5
2019.3
1661.7
75.6
614.6
8626.9
994.3
1745.8
74524.0
7992.0
9512.8
9406.3
45868.6
6795.2
35869.2
1125.7
257.3
1089.8
632.7
1596.9
487.2
16429.4
243.3
1837.2
34487.9
1285.1
20.1
2083.2
7231.0
2320.8
2245.2
4913.2
5497.1
5393.2
1033.7
1442.2
1106.0
19574.4
3314.5
242.1
5259.5
6946.3
3086.6
7847.0
2411.4
965.3
3516.8
35992.7
427.8
2663.2
4102.9
210.1
1300.2
1015.4
3518.6
1564.2
4589.2
4388.0
127913.9
3211.2
1528.0
237.3
6575.4
30954.5
3517.4
7178.1
61005.1
2844.8
12460.3
5325.8
9515.4
12689.4
4583.9
5352.0
5197.8
77695.6
2818.4
1846.4
82.8
1490.3
8351.7
2237.8
728.8
1851.6
213.9
2497.6
2038.5
3889.5
1931.7
52477.0
60.0
16436.6
1783.0
6638.2
3716.9
3497.9
2442.7
7618.2
7017.7
13042.1
3751.7
1545.4
361.7
7995.1
1062.9
16842.7
1820.3
19922.2
7675.6
9411.4
31007.6
4589.2
1686.1
1023.8
18209.8
1409.0
1365.6
77419.8
4518.8
1031.7
4799.4
1338.4
1172.5
6000.0
2454.8
927.0
1891.9
2351.2
8481.8
1781.9
651.0
200.2
2971.4
255.4
379.8
8665.4
1685.4
426.9
4608.9
750.2
561.1
6003.4
1768.9
94.6
53413.8
4518.8
21798.2
9110.0
16251.9
4003.0
999.1
27214.6
4963.5
1143.3
1997.6
1834.1
2067.7
53621.1
2331.6
7177.5
2819.3
17.8
394.5
841.2
3536.6
7.8
4654.5
68.4
8920.3
19544.9
715.5
407.3
30872.0
2807.4
1900.3
3381.0
6850.9
5048.3
2115.0
725.5
806.3
3289.8
963.4
894.9
38803.0
8320.7
3981.2
86.8
30800.1
19819.0
5048.6
3374.0
780.4
528.8
3289.4
38705.5
745.8
108445.0
3052.2
479.9
1037.1
8429.0
951.4
5349.2
1506.5
6502.5
411.1
9017.9
5589.1
2352.7
860.0
2584.3
193953.8
1807.4
1915.7
18094.5
1106.1
421.4
2467.6
2684.2
6605.2
5349.5
2885.7
1320.6
2918.2
750.0
15796.5
5913.4
685.8
2157.3
3691.5
11659.1
34318.9
6005.0
2599.5
2518.3
10544.8
716.7
1562.6
12828.1
1216.8
49474.8
4242.4
46759.9
2282.0
1071.2
1621.6
5784.1
30704.5
8341.0
282.6
1554.8
9970.1
57698.5
1219.6
519.3
3499.4
1735.8
355.0
1972.0
210.4
4798.4
1173.3
2031.0
14.5
8498.2
5941.1
1635.0
4225.4
7755.0
4650.5
4751.0
2905.0
1515.0
1893.4
9685.2
2261.7
1390.2
1974.0
1313.0
416.0
1199.9
822.2
1570.4
19520.2
6274.8
304.8
4561.2
11808.7
102.4
1058.1
804.6
1155.7
4328.6
1540.6
1219.3
324.3
1982.2
780.0
5216.0
1200.6
576.3
108096.2
4306.1
1023.2
1156.1
3519.8
1716.8
2053.1
17341.9
12.1
1377.1
1301.0
1972.0
6659.0
2390.6
7549.2
20273.1
2662.4
378.9
1365.0
5464.0
3496.0
1427.6
16832.0
2616.0
2068.5
3136.6
5692.3
3543.0
1633.5
1198.9
242.2
5765.3
2056.2
2995.5
579.5
3517.7
2782.7
587.2
216.4
5195.9
11585.4
2138.5
3513.2
714.4
352.1
521.9
2551.5
20853.9
3720.0
1915.0
963.7
11014.2
1125.7
1844.0
1171.2
865.3
286.2
9393.9
3006.6
4865.0
486.8
4867.4
599.8
51.1
2629.0
4933.2
1863.8
3704.8
4258.1
18298.8
1286.0
3913.9
1697.4
3206.5
8342.3
1809.7
3857.2
1877.0
1039.0
907.5
5049.8
1172.2
13869.1
949.4
6511.0
1927.0
1741.5
102.8
4303.7
4412.8
12134.8
17874.2
1300.8
1602.9
4664.7
54273.9
1617.7
912.0
951.0
6893.8
71.2
1206.2
9976.3
7176.1
351.8
2862.9
1523.2
11418.8
297.1
12076.5
11594.2
4915.4
1541.6
19939.6
615.9
60777.5
2968.4
2.1
95875.5
422.4
1193.0
254.7
16431.2
11494.4
709.6
917.5
1313.0
385.8
1800.6
342.8
2870.2
3207.7
3542.1
2632.6
830.6
1137.6
387.7
18368.6
163.0
5197.6
3706.5
3670.3
1.6
1810.5
2009.1
54086.5
1528.0
28022.4
1753.4
1786.8
3135.0
1171.6
10856.8
7928.3
3946.3
257.0
18.2
1266.4
2898.9
1441.0
1401.6
11365.2
5240.0
3671.2
7996.9
4151.4
14975.4
209.9
11218.9
1046.9
11163.0
16253.2
436.7
4122.7
4695.9
837831.1
10988.5
13215.3
2242.6
166.2
7607.6
18436.8
30992.9
566775.9
649.2
18299.1
7911.2
753.0
4034.7
23071.2
1585.5
894.8
4482.3
2463.8
42670.4
3759.2
4226.4
1861.0
650.6
7134.7
846.8
981.8
3241.9
4261.1
9231.4
739.3
663.2
936.4
1322.1
394.0
2329.5
3465.6
3512.9
4241.4
14654.9
549.7
1450.1
666.0
2655.5
780.0
3134.9
3579.4
76.7
1358.1
4859.3
1002.9
13.0
2360.6
617.5
3496.9
1338.6
4507.0
13211.0
6004.7
4747.3
8353.4
509.6
7748.4
163.2
5235.9
1031.5
28071.6
1427.7
1470.0
988.3
8483.4
12685.4
1407.5
1492.8
642.9
2615.4
9692.6
5152.8
136.0
1416.2
6367.9
27960.9
5232.9
7163.3
3058.1
9608.4
2753.7
134.1
13.8
1774.5
11354.6
4014.8
1575.4
1698.0
26461.7
3025.0
1938.3
1420.7
3714.9
5784.1
674.0
4815.7
3391.2
460.0
1331.6
4649.7
3426.9
22371.6
6192.9
162.8
4244.0
12466.5
5277.6
194677.3
1200.2
16208.5
673.8
4087.4
4570.0
102.0
1039.6
1662.2
46.8
3523.6
932.3
11488.7
5211.3
16868.1
5006.0
9404.8
280.0
5814.0
8978.0
1492.9
5796.6
995.8
1312.9
2655.6
1194.0
2777.1
2389.0
853.8
12950.4
11587.3
3462.3
2160.1
4801.5
102.8
1745.9
4899.3
77609.2
12812.9
1032.3
394.4
1047.5
100173.3
6636.7
95817.0
966.9
11489.5
18.0
109.5
6636.8
3012.6
4913.2
7594.0
1513.6
1211.9
4143.4
29545.8
2361.8
5604.9
2835.6
11364.5
884.7
3296.3
2464.2
4912.4
19799.6
2507.4
1251.6
1466.5
2439.5
4488.3
1433.6
18744.9
4101.9
981.5
5326.6
4033.6
1650.8
17921.0
2352.7
1851.1
4307.1
21492.5
848.1
4302.2
2463.4
276.8
36612.7
88.4
14673.0
5766.5
936.0
12228.5
3751.0
34697.4
2550.5
342.0
3095.4
1747.3
2001.6
280.0
5477.2
2621.3
33536.6
237.9
3517.8
1468.7
1683.8
8215.1
991.2
5212.7
3405.3
833.4
4366.8
167.1
4366.8
251.2
9799.2
2081.3
5026.7
3284.1
60.0
1076.1
1127.2
1098.2
6180.5
39.8
832.6
650.3
4842.1
2750.3
1936.8
3472.1
426.8
738.9
3872.0
4964.4
88.8
1603.2
6437.3
3262.1
2736.5
5976.3
2205.2
25.1
1105.6
2463.9
9657.4
1541.8
388.2
3225.9
49620.8
5213.5
421.6
13509.0
7494.8
1956.5
42388.1
6156.3
4536.9
1788.3
201.7
626.5
1026.5
14411.9
1015.4
142.1
3297.7
4852.3
2724.0
4322.0
982.0
88.8
1490.4
425.2
4607.3
13498.8
7934.5
481.3
573.2
20973.7
1523.0
1524.0
272.5
136.2
5939.7
11601.8
23668.9
3553.4
10778.3
1693.3
7725.6
849.8
2076.6
34352.1
2452.9
3999.0
428.0
1039.6
5276.2
1789.2
4433.4
549.5
3782.7
1657.2
2237.2
8970.8
4172.4
5072.5
2217.7
7579.9
29980.1
3542.4
242.3
1755.0
1031.5
16622.5
407.5
1553.1
4479.9
2212.7
4674.8
5177.4
1851.0
4853.7
729.9
1306.8
3162.5
4.0
11140.0
959.6
1790.6
3263.6
2558.7
24208.3
13397.1
1595.5
2123.1
818.6
4326.3
437.0
1171.0
4911.5
11158.6
346.0
3711.9
142.1
4993.4
959.8
5451.4
6195.5
7828.9
2222.8
23010.0
4302.4
1138.2
1421.3
49707.2
42352.0
693.0
154.9
14507.7
920.4
628.3
722.0
2193.6
3415.0
724.5
1789.4
1489.7
3937.1
5328.2
10538.6
38573.9
65.8
1407.6
3050.2
2837.1
920.1
4014.6
4004.3
258.8
4736.5
94.7
1658.3
2230.1
721.8
4987.0
12698.9
1661.0
9413.2
22346.5
3673.3
1364.7
1283.3
14670.1
2076.4
5714.1
918.1
2477.7
102.7
28617.8
14022.4
3198.1
14801.9
1716.8
834.0
1811.1
2242.9
790.1
362.3
4654.0
4457.1
2582.6
5493.1
1138.5
3807.8
3818.2
2205.5
1491.6
1768.2
660.6
6129.7
4964.2
32643.2
16864.6
1126.3
4034.3
4093.8
2223.4
258.8
6604.4
853.7
180.1
2276.4
849.4
5821.3
3183.2
4432.7
154.8
12601.8
2412.2
5161.5
1756.5
8995.5
9239.4
2629.6
716.3
99.9
1044.9
35913.7
1864.0
459.4
3985.5
605.0
1089.4
612.8
13223.9
2046.2
4005.8
549.0
58.4
1972.0
1328.6
119616.8
9824.7
2484.5
1949.0
1070.3
8624.8
4469.8
4969.4
8648.1
26186.6
3552.6
1901.1
868.3
5235.8
10146.6
3924.5
21840.8
51232.4
20176.0
1386.1
280.9
2076.8
3143.6
5233.9
722.2
1410.2
8102.9
1125.9
1122.3
2331.6
883.4
1981.4
5540.4
5706.0
5215.5
1433.3
23820.8
696.7
920.2
1689.1
8160.0
2573.1
7164.9
14272.2
4868.3
697.3
2569.4
4862.2
97106.8
6857.3
580.2
8376.8
2245.0
2735.0
95349.2
3550.0
7701.9
4226.8
16208.5
1469.8
51043.3
4817.1
1376.9
757.0
37740.3
29585.6
16835.3
9658.8
39856.6
152598.8
4541.6
7588.5
2775.8
4378.6
2331.4
1201.2
30869.2
502.4
944.7
3690.7
753.0
5432.6
17334.6
40954.0
5542.9
2759.4
12000.1
6435.5
1294.9
254328.5
12239.4
4815.9
673.4
15938.4
917.5
4696.5
576.6
918.1
75560.3
502.8
18020.5
39083.6
1456.2
3457.1
3413.9
4854.6
7177.5
3613.1
5152.7
2459.5
8599.6
2883.2
2003.3
46951.0
1470.0
2931.7
5680.3
8825.8
3500.4
662.9
1327.5
1701.2
2345.9
1789.7
2130.4
17837.5
13.1
1602.1
1292.1
1768.3
1697.5
1856.9
2905.0
122.6
1376.8
4366.4
6248.1
8655.2
1212.7
18010.9
46759.9
16869.4
522.3
9705.1
3446.9
27251.0
4840.7
4650.6
721.6
2412.7
7113.0
2124.4
3942.7
6001.5
16426.7
2143.5
612.3
926.0
566775.9
2054.0
3047.9
26261.3
181.0
5025.6
3902.7
4365.8
1901.5
8623.9
1718.2
911.5
233.0
4965.0
662.8
6892.0
1510.5
38567.4
4737.4
6801.7
693.3
3035.6
412.1
6800.7
1989.9
5031.5
1441.5
39684.1
522.8
2411.5
6368.0
2596.2
6282.5
2223.6
3050.5
5216.4
9876.9
32558.0
4208.9
175.8
29644.8
1800.8
5635.7
1212.3
27208.2
641.5
9090.5
2845.7
116.7
106.0
550.7
35940.3
549.2
307.2
24392.1
163.0
952.0
8.0
4173.4
6020.5
2053.4
1470.5
178900.8
7798.6
3934.5
1213.8
895.0
3968.7
6345.0
951.2
454.7
4389.9
2365.0
3391.6
2086.3
5954.9
6857.8
12344.4
2015.6
917.3
2342.5
1873.9
4152.8
14381.4
3659.6
1769.2
1442.7
7136.4
616.7
2683.9
2749.8
1747.1
3239.1
7231.9
6053.0
2416.1
60882.0
1116.4
2505.4
6452.5
97847.7
5943.1
1788.4
8115.4
10547.0
3448.0
1012.5
295.0
3605.1
4990.8
2469.2
11887.6
3862.9
3374.3
1294.6
7747.7
3129.6
1497.6
2045.5
208.9
2014.1
1869.1
4262.5
2126.3
1007.7
1441.8
4650.0
1489.0
2057.0
2990.0
15805.1
425.5
2727.9
696.7
780.0
1177.4
5923.2
2994.7
2279.9
739.0
2282.5
2500.0
22009.4
12237.4
2051.0
27268.1
1722.9
1455.8
415.8
1331.3
1617.2
2299.8
16782.0
209.9
3613.2
1132.3
996.2
2363.9
9811.9
1583.2
2634.9
374.9
2585.9
13082.6
51256.8
243.5
3921.3
27972.9
1364.8
1012.9
1194.3
6686.0
877.5
2442.4
21168.3
6636.7
10404.9
25728.2
3122.5
379.3
88.4
2727.2
3350.9
2036.9
2076.0
12167.6
39095.2
7737.4
5216.2
1001.2
5447.2
819.2
786.0
819.6
5381.3
36733.7
39553.9
3124.6
12369.3
693.3
29598.9
23018.9
2382.4
738.8
49461.2
1173.4
3902.3
3391.7
1500.8
2630.2
13503.6
2389.4
13980.1
928.4
4457.8
3241.9
25.9
2847.6
452.2
2142.7
2885.2
1004.4
8962.8
22013.0
635.1
4042.0
34.5
3379.2
7748.6
17337.3
1869.0
5354.7
780.0
4034.7
9659.1
1882.0
4467.6
3706.2
6861.4
7177.5
1839.2
30043.5
5495.0
4916.8
2838.6
3241.4
3474.1
2905.3
1661.0
14353.4
2160.1
3032.4
1869.2
227.1
5152.6
2995.1
5682.0
9322.0
959.4
1931.7
99779.4
3414.4
7937.3
10814.0
7159.1
2223.7
1391.0
63.0
2057.0
523.6
3322.7
475.2
1642.6
2320.8
4671.9
237.5
259.2
4672.7
65.8
162.9
4355.5
1042.0
1405.6
2342.1
1530.4
163.0
667.9
3871.6
3605.8
1005.8
9123.3
2679.4
2234.8
3945.9
2053.0
96.6
18141.1
45783.3
16426.7
3911.8
5394.3
1524.0
2616.4
2380.9
4490.7
2187.1
4642.0
17912.0
26215.0
8601.0
5853.2
2967.5
4853.5
3549.6
1863.8
2194.8
6795.2
5047.0
171433.1
3207.5
4839.8
1929.2
4912.0
7189.5
210.0
9653.9
7734.3
378.5
1810.4
1328.6
1139.7
205698.0
5511.5
3325.0
3570.3
2104.5
9402.9
1634.5
3090.0
148.8
2351.6
3351.9
9304.1
6320.4
23435.6
1811.5
6128.7
632.8
15180.3
1185.6
4698.7
4671.3
3088.3
2746.0
394.8
29233.6
831.6
148.7
1331.3
9508.0
1358.0
739.2
7373.3
3345.8
345.9
1755.0
848.3
4752.7
2724.1
2760.1
1868.8
7189.0
2973.2
4020.0
1860.1
75395.5
1642.0
1909.3
6637.0
8429.1
4993.2
361.9
1235.9
12919.8
175.9
2499.2
889.8
4625.4
3172.9
667.5
442.4
5005.5
2415.3
2720.6
9800.1
3032.3
4148.2
4050.8
970.3
6580.0
89.0
327.2
2870.2
14418.4
7748.1
13390.3
3372.5
1313.5
13377.7
1420.7
32457.1
481.1
1456.4
6412.6
2870.1
451.7
1000.2
2060.7
101.7
6804.9
509.7
2827.5
106.0
558.0
1809.8
936.2
352.6
2413.3
8719.3
752.8
982.0
46.3
18656.1
2477.9
9876.7
10328.8
152414.0
1656.9
2086.3
20847.4
2885.2
832.9
107851.4
2552.1
3295.6
6636.7
5282.4
28682.1
3405.5
368.5
1073.2
613.0
280.3
2329.4
1786.4
1425.8
3323.3
1021.3
1412.5
2234.6
408.5
95.5
5175.9
121416.7
3433.4
3513.0
6017.4
4487.8
1676.0
4994.0
5216.0
1034.6
408.5
9814.7
608.5
2189.4
7488.5
8656.9
2156.9
342.2
4614.2
28820.4
6196.2
5922.5
847.7
7051.2
3053.4
8364.2
2748.0
22483.1
2015.1
1421.6
2053.0
75.4
124.2
2224.1
2323.8
3539.4
6487.3
2815.8
2802.2
1549.9
1467.9
14348.8
1502.7
10604.6
135.0
1411.4
929.3
8876.5
5178.8
2019.3
6282.8
3499.4
1845.8
20860.2
323.8
40.0
762.6
4970.0
1746.0
8961.5
97.4
3121.8
29262.4
4102.1
2653.6
1765.2
3523.8
86.7
298.5
60795.5
3254.1
32523.2
2145.8
11586.9
6902.4
1799.2
818.5
24225.5
20936.6
18656.1
679.6
6689.3
1265.0
1507.8
1430.4
4863.7
1011.9
282.4
136.1
534.3
1948.6
7838.4
78.8
2188.4
12261.0
1106.2
581.2
2776.2
11835.4
672.8
5447.5
405.9
351.6
7484.0
157454.7
20457.5
2574.0
20832.8
1821.5
5435.0
4160.1
4406.7
1483.7
999.6
935.3
3298.9
1642.4
2834.5
306.8
9730.4
3543.0
1894.9
3944.2
13382.9
14.2
179.6
3298.7
7755.0
831.8
18758.3
2782.5
180.5
3015.3
1541.2
6636.9
1981.8
469.8
724.0
860.0
34585.0
818.4
122.5
5195.2
4425.3
917.0
1001.1
8357.8
14755.6
6504.4
96.6
327.1
36604.1
1972.0
1268.7
1602.7
26161.6
415.6
255899.8
2236.9
709.9
1937.5
18602.1
1524.4
19558.3
915.9
1301.0
5325.1
1461.8
6854.0
804.3
5814.7
944.2
1012.8
3524.1
78.0
12239.4
4927.5
1155.5
1733.8
2254.4
2076.0
7604.8
133.8
2184.5
1506.5
7247.3
5289.0
3163.0
96597.9
1583.2
1365.9
1409.1
5681.4
911.9
336.7
5704.7
12252.7
1658.6
4673.9
23478.8
932.4
475.7
99887.4
54.8
3670.6
38838.0
973.0
2521.1
2036.8
23480.1
2343.1
1514.1
6281.6
1284.7
1836.2
999.0
2919.2
1799.0
2573.8
612.8
4626.4
152.9
8328.0
2562.4
2720.2
7106.9
1441.8
973.0
75560.3
1851.2
2988.3
4516.2
1746.0
327.5
6580.9
5966.0
2748.3
2838.2
226.2
5199.0
229.3
2499.0
1699.7
10982.0
14618.8
664.5
2169.5
189.0
1470.4
8396.8
1004.6
15195.2
88.6
1317.0
640.4
239.8
352.2
354.2
6512.7
60536.7
4151.4
1259.7
2057.6
6848.6
2886.0
2677.6
3308.2
6907.6
12684.3
4272.4
1365.2
7246.0
6552.0
2236.7
2519.2
959.9
5199.8
10850.6
5233.7
2658.9
243.7
5323.7
16422.2
1498.6
352.2
24440.2
13393.1
2012.2
6005.1
2143.4
13414.1
346.1
1400.4
2748.3
2747.8
1837.7
17328.4
12341.0
912.2
3542.7
6604.3
982.6
2352.1
776.0
3490.7
1106.1
661.4
18197.6
9211.6
2029.2
1216.0
20898.5
5234.4
2955.2
1900.3
1789.6
2858.9
3864.2
108.3
4915.2
3433.6
11013.4
1860.5
4611.7
2352.5
2523.0
4928.7
8559.5
3752.7
374.4
3113.3
1156.5
54.8
24253.0
2329.3
8093.0
1259.8
355.1
1790.6
2896.1
108.4
4363.4
3153.5
47.7
1206.0
7102.7
200.2
2383.0
3105.6
346.3
2052.6
3444.9
20954.7
689.3
885.4
804.1
4840.9
1889.5
8654.2
8717.9
5327.8
5495.1
3901.1
2748.9
4883.2
27259.2
2462.5
12353.4
1292.3
42389.6
1090.0
154.7
16209.1
1078.2
1492.8
1882.5
1245.3
4795.7
2501.1
11347.0
8693.3
5.3
575.4
13513.8
1004.2
3810.1
771.9
4606.2
4259.2
664.0
3775.2
12937.2
28251.4
1251.5
13886.6
102.5
1543.0
2205.8
7939.0
1927.0
2709.7
998.9
2037.0
3783.2
825.9
355.1
1492.7
3809.9
2084.4
1427.8
4147.9
18321.2
3612.1
1431.3
1135.0
3112.8
45641.1
4146.5
8300.0
1105.3
2601.0
1562.2
1791.5
452.5
118.9
5476.1
2361.8
12330.8
2915.1
179.4
1492.7
13186.3
4647.2
1503.0
1234.0
57487.6
7049.6
213.8
6368.6
1596.7
6870.3
6910.3
5215.9
7578.5
2507.8
1442.1
7738.7
1870.8
917.6
40.0
3636.7
1015.8
10197.7
49.4
242.1
22530.4
5942.4
5289.0
1292.2
1271.7
1845.8
4851.0
839.9
12918.4
3810.9
475.9
60.0
8104.4
78.0
1095.2
662.6
4535.4
1684.0
484.7
18272.4
2281.4
1908.0
9515.7
1685.0
4625.8
30833.6
6453.0
587.4
3476.9
10845.0
8603.2
136.4
13823.2
622.2
7152.5
13409.2
2565.4
3035.1
756.5
17311.8
12357.4
24895.7
14606.0
154.2
907.0
2065.5
2744.8
17306.8
3519.3
2095.3
237.3
1583.3
4587.3
2134.8
4482.1
3206.6
2868.9
803949.2
2652.8
5588.3
2760.0
396.9
2572.7
5003.2
5760.8
2724.0
12982.8
95100.5
4043.3
1155.9
590.7
2500.4
7839.4
5114.5
13389.3
3706.2
4539.8
1543.6
7744.7
324.3
1684.8
540.3
2243.5
6181.1
237.9
6655.0
3206.8
77950.7
4067.0
250.1
2001.5
3748.8
1942.5
6511.9
152.2
20316.5
5.6
2922.6
1528.3
420.5
197.6
1927.1
3864.5
29670.6
79.0
5163.2
25351.8
24206.8
36798.6
4931.2
1278.3
696.9
1788.5
1079.6
3490.2
21983.2
1657.2
4615.9
6655.4
2203.8
6370.7
2564.9
5767.1
4001.4
276.6
2095.0
304.8
8602.2
724.9
612.9
3543.9
6158.2
4898.6
6990.8
2564.9
1358.1
479.5
6486.0
598.0
3864.0
1489.4
1691.4
2858.2
7934.7
4699.0
21199.4
3255.4
105.7
710.0
3174.9
435.0
3635.6
295433.8
324.4
8962.8
5075.6
4304.8
385.6
772.2
25750.4
1124.4
4210.1
6638.0
4259.6
540.8
2834.4
1321.8
662.6
17946.4
7021.4
1993.6
22967.5
449.3
1585.6
35738.4
4716.9
24.5
1781.7
3148.0
12.0
4757.4
663.0
255.1
7417.3
15213.1
2464.5
6589.6
4587.0
12988.0
3922.0
1545.8
5497.6
201.8
3634.0
1264.9
4518.4
2562.7
626.2
2870.8
1925.4
19306.9
3263.0
53400.7
9949.3
4963.6
197.0
2293.5
1936.8
2477.7
5451.7
3208.4
1331.0
462.1
1406.1
520.9
2719.6
770067.3
26182.2
650.6
4367.0
3914.4
2994.0
19126.4
14418.4
124.7
154582.0
47024.0
1011.0
2361.2
6804.9
1595.2
4223.0
1541.8
3172.2
2438.9
97106.8
26171.0
3616.5
753.3
5051.3
847.5
1155.6
10641.4
14551.9
407.6
6430.0
53334.4
2932.9
772.1
5325.7
3373.9
2660.3
10185.6
378.8
2104.0
628.9
3980.1
4696.3
11578.7
726.5
394.6
134.6
8371.9
6622.9
1978.5
12619.5
550.6
27196.1
4615.0
4102.8
710.1
30868.6
5198.3
1079.2
853.1
1171.6
341.9
951.0
2282.1
35848.5
5153.1
3253.4
8325.7
8557.0
46564.5
690.5
2463.5
2169.3
4928.8
10943.9
1402.2
991.8
73502.7
3342.7
1734.7
4672.2
25674.6
469.9
6151.1
3032.5
5212.7
613.1
931.1
928.3
25447.7
2038.4
6737.3
2363.8
334.0
2352.2
1441.9
2237.9
1851.2
4570.5
2254.1
2980.4
6558.6
2076.6
9983.4
4304.9
1071.2
25561.1
8830.8
1856.9
8099.5
1869.9
6065.9
26224.5
528.7
790.7
11807.7
1377.2
573.9
640.7
1194.9
2009.9
2982.7
4003.4
1845.8
8216.0
898.7
5644.8
24857.2
65475.6
8071.7
2498.7
1685.4
24739.6
2808.1
1219.9
1507.8
1522.8
3586.8
151795.4
6450.7
2655.7
21386.3
4367.0
10197.4
693.4
6666.6
1914.8
1741.5
154.6
2140.7
29274.0
3298.1
17113.6
2472.5
73252.1
6410.1
951.2
561.1
18359.5
4489.4
34112.8
65417.9
5149.6
30825.6
5908.7
4914.8
23051.2
510.0
1807.2
650.9
7051.8
7409.7
680.0
2765.8
15894.4
11810.3
8511.5
22004.6
1524.1
242.1
509.0
1800.3
3413.8
7112.7
2713.0
3298.8
12505.1
1425.5
4695.4
1010.0
10965.0
613.6
14162.0
342.3
2330.1
3856.0
970.1
1507.2
2748.6
1524.0
3134.5
963.7
4965.8
761.4
2265.5
974.4
2282.1
7054.2
4172.4
55.1
2152.1
12466.5
1545.8
6276.3
20907.3
12148.1
6709.2
2056.2
267.2
663.6
3251.8
37657.8
34374.8
1633.2
1040.9
232.2
927.2
1484.8
2009.2
717.9
2653.4
109.9
2266.4
14419.5
616.9
3371.3
1537.2
20895.9
1031.5
54206.7
24171.2
4151.7
1001.3
123.0
2381.4
614.1
5413.4
6015.1
420.4
2684.8
10216.1
82.8
9664.5
2124.3
1425.7
3134.5
28292.1
882.0
45244.6
6709.0
316.4
31868.0
991.9
167.2
4190.6
4064.2
1789.5
5165.5
4860.9
4330.9
41.2
86.4
1915.1
97256.8
3747.3
1684.6
4863.5
8106.3
502.3
4627.0
19127.2
550.8
4388.0
56896.8
1789.9
7245.9
58.2
1585.8
13195.8
973.2
10612.4
1692.6
108.9
6275.4
81041.2
6636.0
2110.8
587.7
1739.9
2500.4
6590.3
6053.0
2107.2
5164.3
13377.7
8546.6
1138.1
2203.2
2803.1
2160.0
5114.4
833.0
8343.8
75725.1
4321.0
5049.6
673.6
7057.2
212.5
2719.8
1450.3
39082.8
1433.3
1396.2
8334.9
1409.0
2568.8
6194.0
1456.4
29199.8
5047.8
38845.9
825.9
1634.8
9180.5
30871.4
14733.3
13816.2
1390.3
2193.2
3434.2
2536.9
8737.0
2653.6
6344.5
1659.9
4101.6
1175.8
2846.7
7456.8
1175.3
5592.7
710.0
48085.3
45381.0
972.4
3296.2
2106.1
3870.2
4413.3
2660.3
2798.6
1510.6
822.0
2735.4
2809.2
3207.1
27181.0
7576.7
1538.6
4696.9
548.7
4226.0
14419.5
1058.1
4842.7
1425.7
5819.0
1400.5
3181.9
74507.2
16319.4
2383.0
6942.2
4782.5
1421.3
442.9
1619.7
226.0
12915.4
14551.9
4299.1
8719.3
3255.7
389.2
1139.8
5275.8
5236.9
2351.2
1896.0
8.0
9740.4
108445.0
6553.6
2071.7
34345.5
3690.7
8515.3
3308.6
8479.4
71.1
5027.9
2749.9
13833.5
12994.4
7937.1
5445.4
2366.4
14382.5
3255.8
4183.8
830.0
4696.0
2737.9
24213.0
1489.6
3544.8
5829.5
1909.3
7105.6
28709.3
4425.4
738.4
7052.6
7729.4
3183.6
6713.2
874.5
1916.1
25.4
154.2
15438.0
12157.0
697.8
3519.6
2138.1
4899.2
4503.0
1809.7
102.1
777.1
600.2
665.3
12952.0
317.1
825.4
60777.5
4102.6
52604.0
4413.3
522.3
1971.6
119616.8
1105.2
6591.4
5110.7
3369.0
6656.5
7931.8
4893.5
2477.1
2782.5
2045.6
17578.4
3692.9
6653.9
6322.2
528.8
19546.4
2735.5
270.4
1099.5
3122.3
1818.3
3096.1
227.3
12139.7
1851.6
12349.8
163.0
2709.9
3208.0
1850.9
1130.7
4120.1
6841.8
7229.3
14675.2
1260.8
1493.0
841.0
4647.6
297.6
2709.0
7004.8
9120.8
8560.6
981.9
188.5
2052.6
645.3
642.0
15545.6
3944.6
127309.9
4407.8
4233.4
11490.7
7910.6
651.0
662.5
2519.0
549.0
2835.4
8976.4
1490.3
3960.8
1455.1
12950.4
9013.4
22009.4
11347.8
6486.0
1825.9
2621.6
41002.7
6341.2
1882.5
509.1
502.8
929.3
4352.8
1421.3
17906.8
2234.3
4798.9
1098.9
871.0
1456.3
4363.3
1896.4
1973.0
3753.8
37657.8
352.5
17594.0
2157.1
2463.2
5941.2
4184.3
580.2
1199.4
2188.1
5259.5
9688.8
3344.5
4041.3
6956.9
535.2
2517.4
4380.0
486.9
1077.3
2193.8
35940.3
2621.4
1282.4
29579.4
1031.3
12252.0
1240.8
12635.2
14645.1
2988.3
2081.6
287214.3
4614.8
15807.7
2061.8
2468.1
5212.0
30699.3
698.0
42621.6
605.1
442.2
1202.2
32487.4
162.9
76.0
3241.3
26468.3
4870.7
1668.3
9799.4
30416.7
2002.2
6992.5
32434.1
3516.5
3370.7
5829.7
488.0
5415.2
895.0
2298.5
11492.0
17941.2
4042.0
3296.6
603.9
890.4
868.6
30827.5
4330.5
1398.6
22011.8
25.8
88.6
2298.7
6244.5
122.6
1576.1
191.4
10373.8
562.9
1173.4
14928.6
2254.1
1213.3
4479.5
18782.1
1948.6
2151.9
387.9
60767.6
258.3
17041.2
58.6
1469.1
11165.2
2821.7
750.0
852.4
1024.0
4171.6
622.5
7231.7
4614.6
1411.1
566775.9
209.6
4698.3
35886.2
3449.3
1041.4
5842.0
665.3
4003.8
3542.8
7190.9
6552.8
742.9
6873.1
13377.0
2076.2
2603.5
2.0
1815.2
4699.2
6251.5
3226.0
18.4
1125.9
9950.6
1847.0
1409.0
1228.8
2907.7
83.9
2194.1
45336.0
4231.0
481.0
1869.0
2653.0
48011.3
136.3
1634.7
74532.4
4737.7
3372.3
10190.9
3775.1
179.0
4899.0
2290.3
4120.1
20312.6
241.1
4146.8
1250.2
2876.6
6592.3
15431.0
714.6
750.6
1974.0
608.4
3747.8
1654.5
1634.8
1421.0
6710.1
1807.4
1787.8
3427.9
2534.6
550.6
2056.0
36857.7
3595.7
1851.2
3857.5
960.0
2744.0
4458.6
212.8
239.6
434.7
54.7
4016.4
1785.8
168.0
4541.5
5914.1
2653.6
2562.1
2158.1
2056.9
5476.9
4066.3
8410.0
523.1
2763.5
959.3
3391.2
1399.5
4444.7
876.8
13229.0
942.9
7134.8
11212.3
5394.3
10120.4
4304.3
2616.1
1529.8
663.4
11477.4
2350.9
24424.2
7232.0
78.1
1358.2
1926.9
256.0
980.9
916.7
4654.7
681.7
1016.0
899.0
661.0
1206.8
3889.4
6961.7
81064.1
4654.5
1983.1
22808.4
2442.7
60786.2
411.9
83195.5
5176.1
1814.2
15441.0
130.0
4323.0
2606.2
1638.0
1039.0
750.2
23729.4
425.5
1004.8
5189.4
2684.4
766.3
14943.1
1039.9
1265.5
6741.2
4517.8
1943.3
1744.7
4738.5
6182.2
5784.0
4613.2
549.6
20276.1
2967.4
1111.0
8486.2
5681.0
1606.3
6148.5
5635.7
2202.2
4329.1
466.8
819.4
16397.0
2863.1
5784.5
2234.2
3112.6
345.7
8420.4
15837.2
2329.5
4895.1
226.7
14351.0
742.3
2471.8
2972.5
10130.9
25262.0
1787.1
237.1
3612.9
345.6
5415.0
2780.9
297.8
717.1
5046.6
2584.4
4798.3
5263.3
13120.6
1171.7
23719.7
5197.5
26505.9
603.6
1697.1
7588.7
6331.7
8056.5
548.7
2802.5
18952.0
7288.7
3466.7
20932.0
1621.3
1641.5
124.2
471.5
6450.4
10035.5
18927.1
4015.1
8598.8
32544.1
988.3
11434.9
4558.9
2300.0
761.0
959.6
2056.2
7674.2
6638.2
1289.4
5324.1
974.1
697.8
1358.3
30866.4
1857.1
8487.0
2237.1
167.1
3499.3
6066.0
7111.1
2.3
1851.4
1834.7
963.1
3234.6
6634.0
6516.1
2837.2
2606.6
629.0
8160.4
883.6
3390.7
2572.9
5198.0
2254.1
1972.6
4518.6
2720.1
2388.6
6589.2
4664.6
4261.3
1338.1
7742.0
154.0
3435.1
2243.5
5028.0
4815.0
2060.7
12343.2
6587.9
35896.7
931.1
2826.8
1846.8
1239.9
6654.8
361.6
3438.2
276.3
20337.3
14614.2
1896.3
649.5
771.3
5505.2
19818.5
436.1
4594.8
626.8
229.2
3595.0
875.7
361.4
5234.9
256.9
1428.3
7683.3
307.0
346.2
1605.6
485.2
9664.5
1585.8
2518.9
3539.9
1039.3
13384.9
3907.8
1697.4
1159.4
574.3
2392.7
2102.4
780.0
6247.8
661.1
7050.5
1268.3
1076.0
3225.5
1100.4
1184.7
2114.2
106.0
4325.1
2076.0
1206.0
2027.8
965.4
4562.3
27168.0
18129.8
17970.9
42269.9
5470.5
651.0
1868.8
966.2
3391.3
1442.6
5274.9
7176.1
2202.4
1015.5
1524.2
18284.2
19313.9
1004.9
574.3
6856.4
1138.6
1528.0
2845.5
2776.4
5689.6
6860.4
210.1
936.5
951.0
1039.9
1650.6
16215.5
2452.2
29586.3
1469.6
6636.7
1768.5
2629.5
4617.4
42870.4
2777.1
3519.8
4242.2
30989.4
11227.4
4232.5
780.0
45244.6
1575.2
49583.8
13382.3
394.1
996.1
10337.8
1651.8
912.0
17347.3
780.2
854.8
4455.7
3351.5
1268.0
2053.8
7162.1
2521.2
2390.4
11012.2
831.4
3015.6
886.9
7570.6
1634.4
7113.4
143.1
2260.3
2737.0
1469.9
2128.3
5151.7
8525.1
280.0
1780.5
1433.0
1927.5
1358.0
35719.4
51530.1
24.8
1299.4
358.7
2460.2
479.6
8367.5
17589.3
5153.5
1407.9
1137.7
3512.9
6345.0
2301.0
2095.3
352.0
1652.8
2484.2
1051.6
20444.6
5090.8
3513.5
764.8
2534.3
682.0
280.0
2980.6
452.6
6867.1
441.3
1004.3
11858.2
3516.9
7613.6
3542.1
30872.5
2569.8
49707.2
1427.4
1684.1
612.3
1506.7
7933.6
122.9
2223.7
126.0
2390.6
180.4
673.4
20926.5
14132.3
6502.5
1014.6
5173.3
11662.7
951.0
6239.0
10559.0
5414.4
39429.2
6708.9
757.5
13886.6
2411.3
3662.7
3968.7
1080.3
8342.5
619.9
13032.1
8303.0
1909.3
3946.9
4304.9
1607.2
5176.6
13.2
4779.9
29605.1
1038.8
4160.0
1622.1
62.9
3541.0
12625.6
243.7
6052.4
1000.0
12919.2
2342.9
1041.1
4001.3
605.4
2662.4
5891.0
670.6
2023.4
1201.8
476.1
1594.0
256.0
2321.0
47583.1
14045.7
201.8
1157.4
6637.3
5640.3
2134.4
26215.0
6196.9
1783.2
8766.3
15803.9
1814.1
4233.2
16655.0
1685.4
2952.6
943.8
713.0
2342.5
6943.1
5322.1
2707.8
7411.9
7139.4
5415.0
1172.5
2859.8
1333.7
650.4
1095.3
991.2
10628.7
2103.2
1868.0
1489.4
2254.2
2265.8
13341.6
5286.0
3865.6
1185.1
3411.0
1783.0
158.2
10135.7
9434.6
1584.8
1420.9
1059.8
19123.2
5998.8
336.4
411.6
1333.2
1974.0
1021.8
949.4
5909.9
5705.3
641.0
75473.7
1105.0
2245.8
130.0
2902.7
9877.2
3234.4
2192.7
4801.9
228.6
5784.0
2483.8
1607.9
672.0
282.6
600657.8
9208.3
3253.0
49447.6
2325.1
549.0
759.7
5603.5
1886.8
13513.4
1234.4
280.0
97.1
5703.4
1388.1
1470.5
4308.2
99924.9
612.8
4665.2
2204.8
136.0
2724.0
4185.9
1545.6
2019.8
979.6
912.0
4650.1
34.5
14746.8
101.8
8693.3
2537.2
870.7
1563.4
4379.1
18416.5
1633.8
3572.8
179.1
3721.0
3428.0
108.2
9932.2
552.3
2207.7
17054.1
15155.5
2582.8
2798.8
1390.2
2412.4
771.3
10789.3
2412.5
1650.8
2036.8
2981.8
3512.9
9803.1
9800.0
982.0
253.9
818.6
2674.7
280.0
787.1
16838.1
1228.5
232.1
307.0
2565.7
1871.4
2053.9
416.3
1462.1
96.0
3034.1
5978.8
4967.6
417.0
26477.7
2111.0
258.4
1200.3
3524.6
14772.3
9172.9
189.4
1789.7
2634.5
1642.6
576.3
3404.6
7732.3
1400.7
613.7
106.0
1523.0
4757.5
1070.8
1810.1
324.8
3381.9
10805.3
697.5
8969.0
20437.0
6153.1
522.8
1602.1
5638.0
1972.0
1411.7
1388.4
4869.0
88.8
1709.5
4034.6
2036.2
1634.7
5142.4
1175.9
244.7
2736.9
5354.1
3379.2
1607.0
20948.5
2735.0
42759.8
12.5
607.8
16835.4
6326.2
4970.0
28732.1
935.7
3540.8
201.7
280.3
1668.6
68.0
2990.4
354.3
11438.6
85176.1
6053.0
4572.2
837831.1
12921.2
994.2
238.2
696.7
1980.5
54142.2
3134.5
4268.3
4328.4
415.5
1015.7
23117.7
167.1
11676.6
3162.1
549.0
848.1
213.9
1390.4
2381.2
2157.3
78.1
4851.2
9399.9
6714.9
771.3
5447.8
3331.5
1175.5
441.6
4034.7
8157.5
2119.8
7569.8
3373.5
135.8
3494.4
1788.3
1499.8
8116.2
13191.1
287.0
124.0
16424.0
12984.4
6591.4
12621.5
2276.5
5198.0
2111.8
3254.4
5331.3
231.7
12.5
1807.6
1421.3
4587.4
3309.2
4467.6
11490.4
1441.9
375.0
1201.3
29999.9
1632.9
534.9
5286.0
1683.9
5527.8
7612.2
265.3
298.5
158.7
6942.7
2167.4
3908.5
387.8
539.8
5262.7
6451.4
7912.9
303.5
2112.2
12910.0
1089.8
14968.5
4160.1
1869.6
11578.7
10614.6
9113.2
354.6
535.4
1778.2
16214.9
614.1
2727.8
8425.4
280.0
38791.1
9519.8
1363.5
3232.2
25.0
4965.6
194677.3
3904.6
15060.7
46951.0
1172.4
1399.6
4413.1
2505.9
566775.9
5239.3
9655.4
834.1
2806.9
6841.4
346.1
3922.2
3747.5
1669.7
53437.0
6800.7
1450.1
9650.7
870.9
13197.8
4304.3
20161.6
10186.4
1943.9
1927.2
1425.6
364.3
1076.4
4641.5
561.1
624.2
9805.5
64896.3
9418.2
1059.5
11568.4
8717.9
4239.5
2506.7
5189.0
1634.6
5978.8
337.0
4649.7
2057.0
35699.1
2765.8
9111.0
17763.9
1886.8
1619.2
3374.2
1698.0
752.8
213.9
256.9
847.5
8719.3
3721.0
3391.5
3054.6
3309.5
9795.6
14272.2
17605.2
739.0
3676.4
991.5
2727.8
152.6
20439.5
571.7
5215.6
15179.2
3299.7
3553.4
9686.3
2342.8
865.2
881.6
8513.4
16622.2
4020.8
1139.3
49.6
1971.7
2572.8
1900.2
9577.7
1886.9
2438.9
68.3
1421.2
3047.6
26220.4
3134.4
3130.9
3782.2
926.0
5188.0
1834.7
336.4
2660.5
1974.4
2500.7
3594.8
274.8
1716.3
12150.5
1469.8
2845.5
628.2
1684.8
21719.2
3968.8
167231.2
7136.4
242.5
1825.9
12016.5
2505.2
3108.2
4021.6
4.4
4102.7
1465.8
4081.2
712.6
5762.9
407.5
2111.1
9812.1
4209.8
1716.0
3148.8
6635.1
3811.5
4262.4
4388.0
417.0
2444.9
2365.7
13985.9
672.7
8160.4
1695.7
4022.2
3604.1
1377.5
3120.7
34505.2
3010.4
4587.4
1698.5
4839.6
943.8
19308.7
122.6
1235.1
3344.1
52688.6
2588.6
8976.0
5243.0
1450.4
167.6
3050.4
1234.9
192.2
193077.3
3404.3
2818.2
3722.8
4434.3
1155.7
2847.0
1513.2
1982.4
3300.4
1032.3
4800.1
1260.2
2488.6
724.2
396.9
1.8
1130.6
1398.5
31909.4
4967.9
2234.1
3014.5
34514.5
2382.4
87.9
3612.3
1716.1
2012.7
1237.2
4536.0
280.4
7295.4
83.9
16832.0
1528.5
1339.3
136.0
4796.7
1891.6
255.4
8607.6
627.3
2243.5
7174.8
4556.5
8624.0
926.0
4209.4
1499.9
2315.2
20949.0
1462.0
586.8
2994.1
5914.3
17333.0
17.4
1450.0
9012.0
2972.4
3162.9
359.2
189.1
11370.6
10354.3
1110.1
109.6
11124.1
4478.6
46823.3
3033.4
22488.2
8420.9
586.0
377.8
3605.2
142.1
8971.2
2765.8
214.0
1909.4
6236.4
1937.4
4183.4
2653.3
12.6
902.2
2905.0
3733.7
3120.6
765.4
11350.8
450.2
2872.1
1561.2
9295.3
352.2
3113.2
907.4
116.2
1357.7
11352.3
728.5
13216.1
7102.6
9216.4
15541.4
3574.7
1139.7
377.3
116.7
2237.3
4963.8
2346.1
1321.3
1993.5
2014.3
528.9
883.6
4518.8
3308.4
389.0
8885.7
13516.3
1870.8
10344.8
2234.8
1980.2
1868.8
11581.6
24.6
1078.5
1352.7
8362.9
2744.8
3863.1
268.1
3751.1
753.0
5938.3
280.7
2586.1
449.7
4003.0
2652.9
2126.7
1856.5
1118.3
19559.0
5216.2
271.4
416.2
3323.8
1811.5
9099.5
1076.2
397.0
12931.6
5499.8
746.2
5829.7
831.6
1494.0
4915.5
2.1
663.5
30992.9
1468.5
568.2
76.7
4305.2
376.6
1235.2
2352.0
12261.0
3662.3
2036.8
26221.7
35849.6
820.0
2152.0
1193.9
4378.8
436.4
1300.6
38619.0
2146.0
1767.8
239.8
13202.1
3634.1
4089.3
3089.0
1685.3
5361.3
1172.5
8829.1
1501.0
1482.8
4813.0
8593.6
3496.2
3169.4
4088.3
6795.8
951.0
2277.6
6345.0
45795.0
2568.2
1554.0
1716.0
3089.2
2010.2
8349.6
490.5
5671.8
7395.2
13216.4
2289.7
2879.6
167.9
1991.6
1643.9
167.9
3519.5
9798.0
355.2
2566.0
724.2
1268.4
6027.4
3857.1
966.1
1868.9
192.0
5507.1
155.6
1401.6
6902.4
2015.5
4800.3
4903.2
14919.6
2277.6
9406.8
2525.5
5541.3
848.3
6522.3
628.4
379.3
2967.9
1927.2
1131.6
237.3
5651.2
580.7
2237.0
89.0
710.0
712.2
6910.9
4086.0
2.2
4015.3
1694.3
8.2
11013.6
2828.9
4590.0
258.8
77950.7
22989.5
2076.0
26199.0
6626.3
408.9
2607.4
1065.9
3253.7
3413.1
4148.0
11369.0
147.3
3519.5
2273.5
14026.0
1894.6
806.1
24900.3
2607.0
1576.0
787.9
85182.8
33666.0
1283.5
4330.4
4187.1
57397.6
6195.9
581.0
8.0
6450.8
882.3
200.4
3817.3
3472.2
1584.7
7670.7
17930.0
770.9
365.5
1138.5
1837.7
190305.4
24777.2
3890.5
23445.0
3297.0
3210.8
1489.7
1120.7
12927.6
148.5
1206.4
307.3
30424.1
1201.2
6409.0
1306.7
5382.1
710.0
916.7
2145.8
7746.4
9970.2
2678.7
2564.8
1279.0
2121.5
5641.6
1932.8
426.2
8506.2
12677.1
488.0
78.7
97696.6
12252.0
7050.1
6636.3
7938.0
1138.5
966.0
307.7
2068.6
3489.8
1025.7
9324.3
19588.9
167.0
17346.9
473.9
561.1
3945.5
29616.9
3096.1
5192.1
1651.1
4964.7
1869.0
738.7
2193.3
26478.9
1159.4
38056.6
3096.5
425.8
342.9
5327.8
2450.5
870.1
4557.7
4412.1
1634.7
3786.3
280.3
1358.1
1770.5
388.8
1400.3
5784.0
82.7
4557.1
549.0
7103.6
5277.5
859.6
3296.7
5195.8
29539.5
4556.5
1250.3
6860.7
3882.4
12945.2
884.9
7.8
3720.1
9666.1
6135.5
31925.3
62.9
8396.1
180.8
252.0
5941.5
4564.2
4992.4
1513.0
3211.4
614.3
2807.1
2875.0
1103.9
2026.0
4321.2
1201.2
86078.7
7447.4
1408.1
1105.5
1746.0
14670.0
3427.2
3011.4
11352.7
336.1
3541.5
1642.6
7559.4
9877.3
1290.0
2748.9
68.5
3785.7
1524.0
2327.9
501.8
6632.9
9657.0
2967.6
974.6
3255.9
1464.9
4912.1
409.1
416.5
16240.6
1233.7
7385.2
3180.5
1279.6
1990.1
1806.5
11219.9
2858.7
16332.5
1993.1
42.2
830.5
4823.9
183764.6
11221.7
991.3
710.0
7618.5
14410.2
1661.2
5829.5
181.5
3543.0
535.6
1352.5
2364.6
5968.2
13506.1
108.4
3242.4
1788.3
788.3
3673.3
1539.8
1808.2
1427.8
307.4
1425.5
11583.0
15787.0
196.9
722.1
358.3
242.0
928.6
2029.0
1173.0
1211.9
960.5
4866.7
9715.2
1552.8
1469.1
392.3
12239.4
10366.4
2194.8
23478.8
5107.8
28480.5
8600.8
204.6
559.0
603.9
63.0
1450.1
2770.4
608.5
3179.1
4911.1
907.2
346.3
219.0
51487.5
614.0
5495.2
821.9
88.9
3721.1
1131.2
1716.0
2748.0
1468.0
6196.5
2249.4
22520.8
12258.6
5047.0
10.9
34.5
3113.4
14559.4
10335.8
7575.3
1980.1
426.4
650.6
1620.5
1836.8
13389.7
20812.1
362.3
2763.5
4121.5
1450.3
2917.4
4800.4
14.3
1530.6
1279.4
20197.6
2314.0
9708.7
522.0
4088.5
757.1
5326.9
20453.8
11015.3
3674.8
2963.9
4084.8
1111.3
1617.7
15922.0
3450.4
3813.6
1688.0
38704.3
23503.2
1972.9
1299.6
30430.6
3923.8
883.5
883.4
2936.1
3636.6
2632.5
2994.1
2026.4
15178.2
10645.2
242.5
6956.8
38808.3
8309.5
14484.5
522.3
5287.3
43774.2
4064.0
24671.2
2413.4
1507.7
1364.8
411.3
155.0
2051.4
24837.9
5506.7
228.9
973.6
1547.0
2572.4
2311.1
2327.9
419.7
3634.1
63.0
18290.2
3490.0
2899.2
1675.4
5966.3
6507.6
18736.9
14056.1
24506.5
4613.8
3241.3
2061.2
2143.7
1278.1
26223.3
3475.3
2441.6
466.3
5642.0
316.1
826.2
2886.0
4105.0
4987.2
3413.7
5526.4
1130.8
6596.2
5799.9
35947.0
2193.4
3240.5
3017.3
608.2
1993.0
24252.0
4302.3
4665.2
508.8
539.8
2735.6
3281.8
3961.6
6851.3
508.8
1001.3
12808.2
74398.3
4672.6
78.0
1300.8
19941.0
5175.3
1975.3
19577.1
9452.8
5540.4
6995.6
2763.2
3479.9
5544.1
21819.3
1351.4
2095.4
226.0
1058.6
2468.7
6157.0
6710.9
926.0
3434.4
416.3
1059.0
1924.1
5888.4
4430.9
1840.3
29269.3
4698.0
2763.8
3106.3
3543.7
4854.2
3212.1
2054.0
1388.9
394.0
1131.5
3901.4
56652.2
5167.8
2242.7
4695.8
973.8
24920.3
89.2
167.8
12493.5
4386.4
29236.3
5326.0
30288.3
12350.8
191078.8
1499.2
2450.5
5921.0
5587.2
368.8
1807.6
60510.2
949.0
4650.5
999.2
1698.0
3543.3
6449.4
2382.6
5114.5
849.4
34529.1
4519.0
5941.2
9655.9
1683.8
19921.9
179.6
2571.4
189.2
6368.8
8956.2
690.6
3373.9
1022.2
4518.8
46759.9
1949.6
4750.7
8826.1
25750.4
729.6
1376.1
54.5
3577.4
3296.3
294.2
33.0
2815.7
6852.4
8101.4
8491.2
3205.1
4800.4
2094.5
575.1
21469.1
11215.6
3432.0
12827.6
1.6
33.8
7470.2
9683.3
2871.4
4888.4
1844.1
7998.8
5052.1
2467.0
4842.8
436.0
193953.8
5393.2
3298.7
1846.0
2819.8
3543.0
864.9
11876.0
1523.0
6793.9
4174.0
2501.5
60.4
1684.1
895.5
209.2
2600.0
209.9
2065.9
521.5
2484.0
2014.8
4042.0
1850.6
2735.0
2467.0
4608.9
3371.6
1450.2
60.3
26827.0
4003.4
4989.9
2987.9
163.0
15541.4
4862.5
753.0
4517.6
664.1
1924.8
3411.9
425.9
1650.6
6525.9
2429.6
9650.5
745.9
4537.1
26461.7
1294.1
2140.4
4799.2
534.5
5153.4
1621.1
2364.4
20331.3
3370.3
5350.2
2582.4
1837.8
882.2
620.6
1675.5
10327.2
852.8
2561.5
61100.7
3872.8
5889.7
6655.4
969.0
5909.9
16879.6
88.4
5784.2
1300.8
549.0
4991.9
1602.4
1914.9
1641.4
380.1
33.1
1661.8
1737.7
7071.8
12689.2
4673.6
11015.2
894.0
1300.8
14778.7
3783.2
1941.5
1955.4
2720.5
2194.0
2237.3
11362.3
1856.1
2002.2
3242.1
11884.3
298.8
1193.0
2655.1
12684.1
60972.3
2409.8
26476.4
3055.8
13797.7
548.4
523.7
180.9
2143.1
3427.3
293.9
8311.2
673.4
9447.5
2859.0
9981.9
6738.0
14502.0
1528.3
5142.4
5490.9
21165.9
6155.6
912.5
14353.4
4355.2
9357.5
7443.0
27184.3
5330.1
123.0
1421.2
1651.9
1820.4
1807.8
1656.4
6055.2
1490.0
3808.1
3105.0
5704.0
1937.4
5233.8
4274.6
37948.3
1483.7
6798.1
3162.8
1157.1
1455.3
2798.0
859.6
7993.7
5164.5
689.3
1451.3
13228.5
26171.0
841.5
17806.2
10663.9
355.9
1522.8
213.3
21221.0
7246.0
189.7
2477.2
4912.5
1510.2
8302.6
180.4
10207.0
18767.5
3032.3
122.6
2125.3
12917.0
9546.6
2750.2
486.2
508.8
672.1
26485.7
1411.9
1909.3
7576.0
5048.0
2382.0
9092.0
136.1
1313.0
6590.9
51.8
4448.3
2423.9
5469.7
2236.0
7072.0
2152.4
447.3
14426.6
1456.3
20655.4
78.7
5286.6
2237.3
4665.2
5235.0
8972.1
3435.8
1988.4
2871.9
188.6
241.3
1431.8
2380.3
1076.3
181.0
2894.8
3414.3
2020.0
4671.6
981.7
1584.8
7737.8
2450.5
859.0
4423.8
239.5
9657.7
2749.8
4105.6
6405.6
1698.0
1468.0
4489.8
101.6
3163.4
8357.8
2987.5
661.9
3210.4
3182.3
541.3
1312.5
237.3
5601.5
2914.6
3675.1
3324.7
1684.0
65.4
1090.8
352.4
739.3
9708.8
1058.3
805.6
108.9
42779.0
19548.1
16624.7
1132.2
2277.1
1391.6
10534.7
2152.1
348.7
3962.6
1291.9
4892.9
3406.0
916.7
45603.7
6997.7
9167.9
2103.8
232.5
6130.1
1443.7
1506.6
54.8
175.9
1578.2
1176.7
4.0
984.3
2560.9
10191.9
63.0
2821.0
68.1
663.4
643.2
4102.7
197.0
2798.7
6486.0
2013.9
3061.1
488.1
3113.9
64973.0
152.6
410.9
6282.6
479.7
982.9
8972.4
5849.9
6666.3
2389.8
36773.1
22350.3
2678.5
10854.1
280.9
30196.2
2812.5
1638.0
1864.6
3381.1
352.8
6804.9
2897.6
543912.2
10656.0
2352.0
3459.7
14043.9
196121.8
1637.0
3124.5
629.5
60696.3
1117.5
2497.7
38573.9
2076.6
2223.2
2084.3
2967.0
4915.9
4838.6
1126.4
96.7
981.5
60886.7
123.0
10030.3
663.9
1856.7
3415.5
1455.2
2483.9
6196.9
4479.5
716.7
78.0
1058.1
3960.5
2727.6
865.5
2169.4
454.5
3908.9
30227.4
12369.3
3709.1
5212.1
1289.4
13968.7
163.1
753.0
6413.1
2807.5
3513.3
1428.8
316.1
4913.4
3610.9
1851.3
2019.5
4714.2
16220.0
1352.6
3654.8
4827.8
936.0
725.9
1236.1
522.1
3391.0
3299.4
60309.1
14910.6
5048.4
1855.8
2585.2
690.6
3035.0
1320.9
1652.2
3991.2
635.8
10656.2
5838.9
1739.9
2836.1
697.8
770.5
4306.9
3938.5
8416.4
2802.3
650.9
179.7
2830.3
2415.5
4099.3
19551.8
5887.1
416.2
847.3
11805.6
1808.0
4363.2
49707.2
991.4
3428.4
415.5
1583.3
53425.7
1539.2
2735.0
1211.8
4090.1
9095.0
3113.4
1426.0
303.4
1972.6
5954.0
294.9
285.8
3674.4
1513.9
11475.7
4352.5
2104.0
4087.8
5796.8
384.2
12620.1
5177.5
253.6
3817.0
926.0
2748.2
760.8
2880.6
4665.4
3212.0
5679.9
365.6
1082.3
4647.9
5188.0
3945.2
4698.9
759.4
869.8
3427.6
6196.7
11858.5
6503.8
1483.4
3722.4
522.6
6237.3
133.6
11582.2
17598.9
1529.8
4185.9
9522.1
30872.0
163.7
522.8
2236.5
7454.9
200.2
952.2
1138.6
3597.3
1002.2
346.4
744.4
1307.5
252.2
1942.4
2914.4
6368.9
6234.5
2712.6
9110.5
5285.8
2672.6
327.1
2342.5
390.1
200.7
874.2
1874.1
3947.0
2237.0
975.0
15201.9
2138.8
3662.0
7746.6
6947.5
1698.6
3058.9
1400.0
4152.0
8728.7
2798.3
6053.0
6411.1
2125.1
1972.0
3612.5
1799.3
2674.0
1861.3
4758.4
999.4
133.6
1198.5
1870.7
3208.4
1538.4
2037.3
1014.5
8488.2
2484.0
1099.8
726.1
12819.1
3105.8
12936.2
960.6
9294.8
1450.4
165.7
1851.0
3433.8
426.1
4625.4
4651.2
3045.0
57152.1
1971.7
1294.8
11656.3
613.9
5141.0
13835.8
8160.9
342.8
685.9
1585.1
22876.0
873.1
9345.1
2713.0
7111.6
3231.3
19575.2
1564.0
8.0
834.1
1194.9
1868.5
752.4
928.8
1185.4
11860.8
2440.9
256.9
4840.4
35944.1
30783.4
1810.5
1364.9
8.0
4802.5
7295.8
1782.4
2204.8
6450.7
8623.1
14548.7
4262.8
2777.3
2483.1
3207.1
18350.9
9654.5
20878.4
1103.4
3960.3
7397.9
3494.3
2352.1
2167.3
1058.0
5289.0
34585.0
4023.9
9304.1
4517.8
4536.7
1300.2
2669.3
1684.0
10237.0
1194.2
189.7
60976.4
7177.5
1637.0
5326.6
3542.8
6349.1
1172.5
2995.5
1891.9
1524.1
30792.3
2655.7
1668.8
8105.5
2250.0
772.1
8062.2
1.8
6083.0
1725.3
820.5
8423.5
8605.2
4607.1
11016.2
2108.6
1864.2
926.1
1291.5
2968.2
1732.7
11583.7
2878.1
912.2
10128.7
522.3
342.8
18151.0
933.9
1972.6
5785.9
21500.7
2453.3
2094.2
79531.4
4858.9
604.1
677.2
1026.1
21820.9
36600.3
62.4
1747.9
2904.5
267.6
823.2
2121.2
5515.2
1941.9
7677.8
2451.5
6748.8
2030.4
2520.6
1198.2
1743.3
8605.2
1739.0
627.2
3014.0
5829.7
108445.0
2921.2
4064.0
1497.9
1810.1
20973.7
3015.1
3990.0
9686.4
3211.0
34502.5
3179.1
1348.0
9858.8
2298.8
60195.0
3576.4
1981.1
549.2
2583.6
4930.3
1045.9
232.6
1358.0
1676.3
1052.8
1675.7
4504.7
1347.6
13851.9
3163.5
1851.4
3129.4
3519.8
3810.3
948.2
1442.0
98246.2
3122.9
1770.7
996.4
697.7
2123.1
121788.6
24808.4
5233.3
3634.1
11362.2
5570.3
142.7
4799.4
788.9
1389.5
1712.6
16837.9
394.4
15434.0
837831.1
3035.2
603.8
6451.3
4559.9
9441.4
1546.0
3133.8
2019.3
2331.5
3163.4
8285.3
1585.8
642.0
607.8
368.9
1485.0
587.5
3742.4
5286.6
523.6
1789.5
1612.5
1451.3
2157.4
8868.4
18798.9
9397.2
1637.5
5233.8
1312.8
2110.6
8949.4
1500.9
633.4
896.3
25700.3
1125.6
3196.5
87.1
96451.9
4673.0
38931.1
352.4
883.3
6555.5
7175.2
5156.4
353.9
109.0
210.2
1278.7
3404.7
2573.8
4087.5
4798.1
10330.8
1578.5
4386.7
5682.8
2157.0
6052.9
1184.7
3088.1
1462.5
6895.6
6637.2
1451.1
1456.2
3751.7
4674.5
2020.2
3542.8
142.7
4423.7
213.3
4695.1
753.1
9415.4
936.4
614.3
1489.8
1082.5
7110.9
1420.5
9550.7
4798.4
7920.2
12500.4
1788.3
37762.8
1642.6
1697.4
4657.5
7101.8
416.6
242.6
45187.3
2193.2
4813.1
102.4
2222.7
25248.7
8161.4
12935.8
324.3
38766.7
12341.0
3274.4
15439.5
271.4
21741.1
3154.2
123.0
2143.2
1851.1
1075.6
5173.7
643.0
30989.6
1893.9
926.0
46884.1
4305.9
1574.4
1540.4
13996.8
3633.5
5355.5
14672.6
1067.0
864.8
9663.5
2748.0
256.0
5093.2
713.9
407.4
424.7
1251.0
3490.2
5006.0
1975.5
2411.5
3981.1
1386.4
6656.3
4536.6
739.3
3553.2
613.7
5796.0
783.8
11370.5
3372.2
2076.0
1456.2
3045.8
2205.8
1634.7
1213.4
2051.0
9400.5
550.8
4050.0
4891.5
874.0
14772.4
479.3
18426.1
11145.1
4151.3
26210.6
3153.7
611.2
5425.6
883.8
3265.1
416.4
1927.0
1643.2
17632.4
7395.4
14.2
9926.7
115.4
4479.8
841.9
2988.4
10200.9
2724.0
107728.2
1328.4
336.4
4243.1
1078.1
2561.0
806.7
1358.0
1133.9
15199.2
1156.4
19930.7
6193.9
215.9
250.0
449.9
205.0
6654.2
868.0
620.8
2085.9
27199.4
15179.1
1909.3
3583.2
61205.5
2169.3
9647.8
1575.7
1400.4
1790.7
20449.6
2426.1
2507.1
2253.9
672.7
15217.5
14156.7
42512.8
3404.6
1855.8
1643.2
831.0
39343.2
14383.8
2988.7
8973.2
4034.1
5149.5
1602.2
4886.4
2828.6
6664.5
896.5
2581.7
1338.6
226.4
1397.3
3986.9
991.8
196.7
5162.9
11013.5
870.7
18008.1
1308.5
1173.4
305.0
503.3
106.0
649.9
1788.3
2310.9
2300.2
777.0
3552.2
5030.9
62.9
209.8
988.5
35962.2
4171.6
5998.9
12817.0
1652.0
2846.2
5214.4
336.2
96.0
1420.7
136.3
5006.3
580.7
369.0
5352.9
1299.4
5382.7
999.1
3604.2
714.6
3083.7
3987.8
30400.3
9346.0
1291.3
12340.4
10529.0
6488.0
24246.9
5542.5
5351.8
23059.4
1807.4
2588.3
2234.2
2600.1
30874.2
83377.6
3300.0
3448.7
1685.3
63166.1
2453.3
1938.3
1103.1
1194.0
4064.7
1132.0
3890.7
5393.2
27013.0
3864.6
2045.3
18952.0
23037.1
2254.2
5603.4
13038.5
2169.5
4540.0
1605.1
42686.9
10542.6
1863.2
2847.7
14747.8
4962.1
7585.8
5044.9
5835.3
210.0
5213.1
1716.8
3490.0
4244.2
1925.1
1987.7
3154.0
3746.4
9653.6
2001.2
208.9
2281.3
12138.5
5289.0
825.5
2655.2
5956.3
690.6
253.9
1144.3
19293.2
5680.8
2381.6
376.4
13354.3
541.1
6804.1
2383.0
3107.8
2084.9
1317.1
1857.0
12962.8
2053.0
663.1
560.4
29619.9
4042.0
1246.2
8552.6
628.0
8969.3
724.4
2564.7
1893.7
2192.8
4102.9
18.3
5966.5
1206.2
5212.9
6053.0
9133.5
26457.7
5697.4
12952.0
4016.3
30826.4
898.7
12952.0
528.7
294.7
8215.0
2345.3
2363.5
1082.6
1891.4
721.7
1012.4
894.2
608.2
2054.0
36626.9
5327.2
1618.6
716.3
25561.6
3123.9
179.5
4320.5
8554.4
5152.3
1981.5
2248.6
7580.9
4458.1
3542.4
3297.8
1900.1
1819.0
5211.8
2720.3
20625.6
18119.0
1241.4
3053.8
1250.2
109.6
3969.4
48311.1
2572.7
545.7
1299.4
278.2
4736.4
97.1
142.0
2192.5
616.8
11356.5
959.1
1684.5
34585.0
25434.1
1790.4
37885.9
2536.9
343.0
1851.5
6251.5
60713.1
27192.8
760.5
5939.8
3225.5
1228.7
1552.5
9323.4
32607.6
3010.8
2460.2
854.4
4540.5
1503.3
35716.5
3854.7
6015.9
337.0
2310.8
82.7
1211.7
712.2
25.8
30784.0
4665.2
2846.6
88.6
2111.0
8365.9
480.6
2616.1
45617.7
165548.5
1773.3
8345.5
4015.6
4798.3
622.1
2137.5
2223.0
3812.8
6283.0
3880.2
133.5
4023.1
926.0
2044.7
2286.5
3034.6
4867.5
5323.9
1950.4
13381.2
13206.5
12139.0
6431.9
1089.8
134.2
7048.1
2995.4
4588.8
29281.6
3797.1
3225.9
5826.5
1450.3
470.8
987.7
2273.6
316.0
21274.3
3334.1
2728.1
8187.2
2204.3
174613.1
13844.0
1317.4
12164.3
420.7
886.2
4614.0
26414.3
509.1
4467.6
336.1
2052.6
3706.9
161.5
11363.5
3919.3
4447.9
2858.3
3720.7
12930.0
1769.6
2953.9
1138.1
911.9
2765.8
6986.8
4233.2
2450.5
1143.4
13509.0
11.6
1500.0
202.4
7843.7
1099.6
57525.7
7377.7
88.8
4444.8
3706.7
1835.0
13971.6
9818.1
2076.0
208.3
12242.7
1260.0
2015.0
455.1
5785.2
1944.2
5828.3
4301.7
14148.2
3124.8
2573.3
20539.0
1685.4
14661.1
60276.9
1529.7
200.0
10.4
2981.6
4727.0
633.4
1126.7
1901.1
1450.2
5784.1
818.4
4840.6
2582.8
49607.4
2750.2
54086.0
2159.4
840.3
611.6
7838.5
2759.9
5045.6
345.6
2017.4
3467.8
6452.0
394.0
7918.5
4825.6
11365.6
8552.7
3308.4
3163.0
896.7
3902.1
12.0
5432.6
3491.8
5941.3
927.9
8984.3
1058.4
389.6
4587.6
180.0
1575.6
358.9
12346.4
3390.9
22559.2
1102.7
2506.7
1245.8
253.0
3991.0
99559.8
6233.9
19147.6
1173.4
3525.0
1387.9
1783.4
5327.1
352.2
4964.4
2748.6
475.8
934.8
3024.1
2581.0
3264.2
523.0
907.3
2103.5
16782.0
252.7
58.6
4275.2
2862.6
2745.8
2146.6
19297.6
13388.2
5470.6
5940.4
4614.0
3356.1
60776.9
8353.9
455.2
674.3
13042.0
8431.6
207.8
951.0
926.1
6907.0
10334.3
154.5
3205.6
11496.1
3163.5
1809.5
2590.7
1807.0
1601.8
200.1
10307.8
3961.8
2878.1
5679.3
1488.8
5701.6
9221.7
23729.4
611.6
6077.2
49488.4
5113.8
4966.5
780.0
1352.3
435.3
1134.3
22906.3
3225.4
1882.9
231.7
2053.4
2352.8
1279.6
1915.5
210.3
2260.1
765.5
6370.7
2366.0
5681.4
5592.2
1111.5
3496.7
4355.4
1441.7
18779.9
338.1
4840.0
1456.6
1524.0
3370.6
9117.0
9354.2
3123.1
342.9
787.1
97844.1
4450.3
1328.6
3962.8
32463.3
1927.6
865.7
441.1
26206.2
3552.4
2001.7
18311.5
5940.0
4103.6
1456.3
1099.5
6451.0
2.7
15455.5
1949.6
2595.9
50949.5
4518.6
10594.1
1219.6
10621.9
1313.0
13870.8
822.1
5528.0
865.1
1990.0
627.0
96.4
10614.4
214.2
2237.7
1187.8
6153.1
4480.8
834.2
1733.5
7295.9
2572.9
3331.6
200.5
5543.0
4157.2
1346.2
46.6
282.8
14053.9
6855.0
2380.8
8828.0
4587.6
4929.9
1468.0
833.0
425.8
50510.9
790.5
387.5
9308.6
11885.3
8942.5
2582.8
9395.0
71.5
1412.9
14410.1
8938.5
3711.7
2654.7
14936.3
588.7
7679.7
8732.6
1857.0
241.9
24285.7
3405.9
45750.2
3593.8
1139.0
1251.2
2450.3
7488.8
5905.4
2946.8
1138.2
2918.2
2734.1
1461.5
187.5
1546.1
3413.4
3148.4
4665.7
1430.9
3154.5
1806.4
1125.5
1399.1
198.1
3719.5
280.2
2823.3
415.4
3901.3
6084.3
2621.0
3372.1
1932.5
77.9
275.8
6792.3
46951.0
34357.5
2566.8
5047.6
5286.0
4480.3
176.6
13523.6
12621.9
9973.2
18298.8
2467.6
11798.0
7052.6
1860.7
7912.8
2629.2
19310.5
1175.7
1974.4
12962.8
23411.2
8360.5
2484.9
4210.1
4035.0
3208.0
1216.7
368.5
3163.5
5595.3
215.9
352.7
165.0
980.5
2769.0
4033.6
9656.8
4151.8
3615.8
4658.2
3356.6
1621.1
32474.1
1338.4
97810.3
394.3
60876.8
990.9
74532.4
3912.2
7991.3
508.4
7014.0
2685.7
6995.1
277.3
14144.9
365.2
3412.5
6797.1
8161.5
777.9
51324.3
65.2
739.6
455.2
367.9
1279.3
39951.9
44807.7
337.0
3782.6
20655.4
75.9
806.2
213.8
25.5
1925.3
19297.0
7703.7
49789.2
1937.0
15160.4
1268.5
19121.6
16391.6
6547.1
21193.9
11348.5
49607.2
10130.7
3458.7
23047.9
1489.7
78.0
2364.9
1351.2
3990.9
32398.2
2737.0
4627.6
88.4
830.8
4232.4
7830.5
12923.4
1082.1
60989.7
2766.7
26472.6
3732.4
4697.6
616.5
1200.4
574.2
1712.7
2188.4
826.0
1864.2
7373.6
1173.8
603.2
3015.1
12346.8
1421.3
5199.1
13501.3
1194.2
5885.5
706.1
5449.8
3173.4
10.4
710.2
442.5
1675.9
912.0
950.8
3497.5
394.2
2230.4
3241.7
1932.8
540.0
3172.2
980.7
3150.0
12346.4
1997.7
4853.0
13076.4
11466.3
4858.8
2537.3
3595.4
62.7
10804.0
14543.3
1376.5
1720.0
10525.5
7918.6
2601.0
10801.5
2585.2
1236.1
604.2
501.7
1575.4
6282.4
24204.1
338.0
7180.7
1012.9
11485.6
7112.1
11432.5
1822.0
4966.7
972.0
7056.7
4557.4
14824.7
18365.7
4717.7
1170.6
11577.4
1693.6
5428.0
4379.2
25462.1
6280.8
1155.2
1859.7
2499.5
1550.4
2802.4
4945.4
4717.3
23476.0
15195.1
1524.1
565.4
1193.0
7911.0
1856.8
1234.4
51261.9
3391.7
3734.1
4016.3
2192.5
3962.0
1216.5
951.4
574.0
13886.5
2458.2
1137.5
1121.7
41229.9
560.6
352.8
4519.0
16426.7
7052.8
12632.2
503.4
3035.7
448.1
2365.0
2604.9
982.0
2472.4
14544.3
227.1
2744.6
38729.1
1860.7
342.3
1039.3
5237.8
1377.9
253.4
2684.4
5586.2
154.9
3691.9
4654.6
643.3
689.8
316.1
4759.2
1617.7
1550.8
966.3
1864.9
1358.1
3295.9
10121.1
846.4
18255.0
3035.2
303.7
16652.3
20825.5
912.2
1685.7
25750.4
1881.6
5495.1
5527.8
5322.3
6016.2
8506.7
1198.2
2582.2
3945.0
7189.6
5760.3
902.7
26220.4
2655.1
5048.5
2995.5
848.9
2440.6
4993.3
10594.9
2160.3
5280.8
598.0
4122.4
4305.2
17749.9
2127.0
1768.9
5525.9
1693.8
5165.5
8320.3
2840.3
8303.8
30023.7
1909.9
11014.2
30989.6
991.7
47873.5
2818.2
142.0
2675.2
1300.8
745.8
11901.4
577.6
32459.1
1900.2
14770.8
11493.9
7110.5
40987.6
1292.3
83.8
1079.7
897.1
55.1
508.8
975.9
3225.7
4103.7
4888.1
2342.2
1777.1
5211.9
2083.0
2936.4
949.0
2797.2
8969.9
6900.7
3424.0
3206.9
982.5
16754.2
20439.5
1582.8
771.1
1259.8
4969.2
8955.7
20449.0
6528.3
252.0
166395.5
1313.0
6134.1
154.9
5431.2
18620.1
62.6
4016.0
6842.1
1608.8
5187.8
42353.6
1098.6
60977.0
2921.8
1001.8
3552.0
5212.4
2879.9
123.0
10121.7
991.6
636.0
11015.0
6194.1
32.7
728.9
867.8
5510.0
436.9
9657.1
4259.0
3734.1
847.5
5197.7
9685.4
560.7
522.9
3732.8
3113.4
1836.0
5433.8
907.4
4536.5
107728.2
208.6
5541.7
7755.0
697.0
779.8
1585.7
5.3
780.0
66.0
3720.1
21171.2
1739.9
522.9
263.6
1871.4
158.1
1981.4
1927.2
37365.8
2212.0
16870.4
6237.5
4239.7
2159.2
8298.9
14566.5
371.0
9114.6
23488.2
650.9
2111.0
949.2
2743.8
88.6
3034.0
4987.9
6637.6
1721.0
6279.6
19589.9
394.4
5543.3
14158.7
1837.8
1220.1
3747.8
508.9
2284.7
14.2
68.4
4322.9
749.3
2184.8
338.8
3094.3
2248.1
1456.4
11574.6
907.6
2629.9
696.9
1265.0
927.1
5188.4
1426.1
30090.4
1441.6
3601.5
8309.0
2763.5
2016.5
3307.6
3539.6
2328.3
2585.0
1194.9
95.0
336.4
3704.4
1835.3
5027.1
306.3
20878.5
753.5
27939.0
316.4
11363.8
272.6
14541.8
1059.4
9451.6
868.5
2629.2
51161.5
1900.1
1331.1
280.0
4122.0
4990.8
6178.4
1185.5
521.9
3290.9
449.8
522.8
1747.2
4101.6
51.9
1312.5
7576.9
351.8
1982.1
1755.4
7066.5
6016.4
3864.4
2114.6
4300.4
38610.4
6240.9
4778.8
232.6
1546.2
268.2
233.7
682.4
2987.1
4035.0
1864.6
86.5
5966.7
6638.4
3913.1
8938.5
2360.5
119210.2
31009.6
5233.8
3262.4
5355.6
3226.0
4388.0
7837.5
5386.5
123.0
8957.6
19575.2
6282.3
16832.0
11857.8
4696.6
2254.2
1194.1
4733.6
2364.6
5073.7
81306.9
82.7
5162.8
30988.2
1421.3
981.8
338.9
2352.2
365.2
4405.3
2002.2
561.1
3917.0
20973.7
692.7
10585.6
12811.3
3523.4
280.9
5942.7
632.8
30455.3
1883.3
1102.9
780.0
2803.1
14800.3
3900.0
1881.4
901.8
1790.6
4232.0
1972.0
3252.9
479.0
522.0
2808.2
1039.5
1099.2
16967.5
53402.5
48373.2
196121.8
2720.8
4991.5
3462.7
2311.6
7161.3
12.0
6625.2
2057.0
14791.6
4366.6
558.5
873.4
1421.4
669.5
4151.0
2674.1
121382.0
786.0
3908.9
8737.0
4559.1
4866.6
5188.4
24771.3
2254.1
7179.8
3058.3
5844.2
661.2
6601.1
391.7
1523.0
2352.1
342.3
352.2
4232.3
5166.2
356.1
12685.1
56803.6
4086.2
2517.5
560.8
4497.0
3411.8
14670.1
1915.8
1172.1
915.4
10959.1
3013.4
1694.3
2709.0
651.0
1685.8
4698.1
19126.4
16426.7
8210.8
8355.6
479.9
165.4
1670.4
6590.9
7578.4
724.1
1697.8
14411.3
23091.1
574.8
712.8
2905.0
95.2
1972.0
374.4
2413.8
2331.7
3516.8
540.0
2387.8
2724.1
2184.8
7366.6
9209.5
1676.6
239908.6
1004.2
868.2
6636.6
3871.2
6370.4
12817.8
3938.6
3227.2
57197.0
1523.0
394.4
548.6
6249.6
753.4
4042.0
1428.4
5433.8
16881.5
6507.4
3308.5
5153.3
12500.4
397.0
25.5
991.1
3025.6
2629.5
7569.1
528.6
126.1
8765.0
1513.3
2193.7
5822.9
1216.8
2254.3
4014.6
5327.5
51704.7
2485.9
122.5
3208.1
4964.6
1412.3
5507.7
3211.2
3299.6
161.4
12934.2
4083.5
2066.9
4964.0
14852.0
13836.4
5760.0
759.6
1900.6
4991.0
19318.7
6708.5
3086.5
974.9
1294.8
2499.2
186.5
3208.2
2859.5
1728.7
4858.6
540.6
3136.1
783.8
54.9
3034.8
4852.6
8734.0
13820.4
3013.3
10830.9
49693.6
2216.5
1244.8
805.1
2430.6
6522.5
3604.8
917.3
3033.0
4223.6
4324.1
11.4
1176.2
77.9
6249.0
4387.1
18941.8
936.4
1264.7
6947.5
574.8
1340.7
7729.8
271.6
9133.6
3749.9
1219.9
20837.4
294.9
837831.1
535.8
979.3
1668.5
280.8
481.0
4536.6
6503.0
307.9
1175.2
19310.7
5476.6
7685.1
2067.8
95673.2
32546.9
4307.1
2169.5
18709.6
2254.1
2144.9
155.1
2981.5
167.0
45941.9
766.8
848.1
5213.1
2169.2
3545.1
608.2
973.9
345.4
3432.6
718.1
792.5
5383.0
4824.4
2391.9
1389.2
5278.7
2217.8
3391.2
3516.5
152.7
3424.6
4050.0
758.7
979.3
41196.0
8888.8
1045.3
1134.6
10839.5
3921.2
123.7
1909.7
7136.9
7136.5
4698.2
86.9
30349.9
5759.0
1807.8
1740.3
5103.2
1489.2
2684.7
5327.5
1524.1
5784.3
4654.4
1058.9
5958.7
8070.2
16145.0
6005.8
2260.1
2063.2
3208.1
1524.0
7286.5
1284.0
2634.0
9401.5
8090.7
65.5
3570.0
10961.9
5955.3
2123.4
4090.6
969.0
3550.4
626.9
1456.6
179.7
9401.1
874.3
912.0
1282.0
19312.1
13974.6
10196.6
263.5
2393.0
4613.4
3106.2
26245.5
55.0
16252.9
3634.4
2192.8
1567.0
4780.0
780.4
1175.1
648.8
3938.5
998.6
1868.8
5357.7
642.7
4424.5
2151.9
14826.6
3960.9
6801.7
180.6
2036.8
697.8
1260.4
594.1
834.3
4481.9
1716.0
16874.6
4085.5
3747.5
3206.3
3434.3
13814.6
5093.9
1685.1
23143.6
1078.0
665.0
2440.6
2720.8
365.6
2143.4
8366.8
6321.0
5.8
7984.0
1753.3
1756.2
1861.2
16935.2
4990.8
3105.0
2244.9
1826.9
9664.3
6195.0
1388.2
2987.9
6657.1
1577.3
4535.8
95300.8
5112.5
1859.9
1716.0
761.0
30785.4
22351.6
1211.0
7181.9
1200.2
2083.4
6367.5
15013.2
1234.7
4241.0
3921.9
4935.5
61590.9
1213.7
7236.4
1062.9
4297.8
200212.3
2143.3
1358.6
10.6
1915.1
579.9
916.7
2211.7
868.6
665.4
16836.7
788.9
12240.7
642.5
12687.2
2057.3
5045.4
2629.0
180.6
549.4
2615.5
20531.2
2799.4
2567.0
5496.6
2728.2
4672.0
3478.2
5234.5
2678.3
16809.9
3198.9
1198.8
1130.9
1138.6
3134.9
7705.5
180.7
210.5
1937.3
226.3
1321.7
5881.5
53320.4
1950.8
4035.0
16397.7
453.9
628.2
11011.9
7911.9
5907.9
18951.8
1079.6
